--------------------------------
            trap-lat             sgi-lat       l1$i_miss_el1       l1$i_miss_el2       l1$d_miss_el1       l1$d_miss_el2       l2$d_miss_el1       l2$d_miss_el2              cycles
                 124                  65                   5                  55                   6                  17                   3                   0                 362
                 128                  69                   6                  54                   5                  22                   1                   0                 260
                 125                  68                   5                  57                   5                  21                   0                   0                 260
                 124                  66                   4                  55                   6                  21                   1                   0                 263
                 124                  65                   4                  55                   4                  18                   0                   0                 248
                 128                  68                   4                  55                   6                  24                   0                   0                 275
                 123                  67                   4                  55                   6                  23                   0                   0                 259
                 123                  65                   4                  55                   6                  18                   1                   0                 244
                 129                  69                   4                  57                   6                  26                   0                   0                 261
                 125                  67                   4                  54                   5                  20                   1                   0                 248
                 121                  64                   4                  55                   5                  19                   0                   0                 249
                 128                  69                   4                  57                   6                  23                   1                   0                 264
                 124                  64                   2                  54                   6                  23                   0                   0                 252
                 125                  65                   4                  55                   4                  29                   0                   0                 230
                 122                  64                   4                  56                   4                  21                   0                   0                 234
                 124                  66                   4                  55                   4                  24                   1                   0                 240
                 130                  70                   4                  54                   6                  26                   0                   0                 260
                 126                  68                   4                  56                   6                  18                   1                   0                 274
                 125                  66                   4                  56                   5                  25                   0                   0                 242
                 125                  69                   4                  55                   6                  24                   1                   0                 250
                 126                  66                   4                  58                   5                  20                   0                   0                 258
                 125                  66                   4                  55                   5                  25                   0                   0                 243
                 122                  67                   4                  55                   7                  17                   0                   0                 271
                 124                  64                   4                  55                   6                  20                   1                   0                 260
                 129                  69                   4                  56                   7                  25                   0                   0                 282
                 124                  67                   4                  54                   7                  18                   1                   0                 271
                 124                  66                   4                  57                   5                  18                   0                   0                 250
                 123                  64                   4                  57                   6                  22                   1                   0                 253
                 125                  67                   4                  55                   5                  19                   0                   0                 249
                 127                  66                   4                  56                   4                  25                   0                   0                 223
                 125                  67                   4                  56                   7                  20                   0                   0                 270
                 123                  65                   4                  55                   5                  20                   1                   0                 238
                 130                  70                   4                  58                   7                  27                   0                   0                 273
                 121                  64                   4                  54                   4                  15                   1                   0                 245
                 124                  65                   4                  56                   4                  21                   0                   0                 241
                 128                  68                   4                  57                   8                  21                   1                   0                 286
                 124                  64                   4                  57                   5                  23                   0                   0                 241
                 125                  65                   4                  53                   7                  24                   0                   0                 270
                 127                  67                   4                  56                   5                  20                   0                   0                 281
                 126                  68                   4                  55                   7                  20                   1                   0                 283
                 120                  63                   2                  55                   6                  16                   0                   0                 242
                 125                  66                   4                  58                   7                  20                   1                   0                 261
                 126                  66                   4                  55                   7                  23                   0                   0                 273
                 126                  67                   4                  56                   6                  19                   0                   0                 260
                 124                  64                   4                  56                   6                  14                   0                   0                 248
                 121                  63                   4                  54                   6                  16                   0                   0                 261
                 123                  66                   4                  55                   6                  20                   0                   0                 244
                 126                  68                   4                  57                   6                  22                   0                   0                 265
                 131                  71                   4                  55                   7                  25                   0                   0                 285
                 123                  64                   4                  56                   5                  23                   0                   0                 252
--------------------------------
            trap-lat             sgi-lat    tlb_il1_miss_el1    tlb_il1_miss_el2    tlb_dl1_miss_el1    tlb_dl1_miss_el2         mem_acc_el1         mem_acc_el2              cycles
                 124                  68                   0                   0                   0                   0                  20                 230                 261
                 122                  64                   0                   0                   0                   0                  20                 230                 233
                 123                  65                   0                   0                   0                   0                  20                 230                 238
                 125                  66                   0                   0                   0                   0                  20                 230                 244
                 121                  63                   0                   0                   0                   0                  20                 230                 203
                 122                  66                   0                   0                   0                   0                  20                 230                 237
                 128                  68                   0                   0                   0                   0                  20                 230                 235
                 124                  66                   0                   0                   0                   0                  20                 230                 267
                 121                  66                   0                   0                   0                   0                  20                 230                 252
                 130                  69                   0                   0                   0                   0                  20                 230                 270
                 120                  64                   0                   0                   0                   0                  20                 230                 215
                 124                  66                   0                   0                   0                   0                  20                 230                 251
                 125                  68                   0                   0                   0                   0                  20                 230                 237
                 123                  64                   0                   0                   0                   0                  20                 230                 242
                 125                  67                   0                   0                   0                   0                  20                 230                 282
                 124                  66                   0                   0                   0                   0                  20                 230                 238
                 123                  64                   0                   0                   0                   0                  20                 230                 259
                 127                  69                   0                   0                   0                   0                  20                 230                 266
                 127                  70                   0                   0                   0                   0                  20                 230                 282
                 124                  65                   0                   0                   0                   0                  20                 230                 269
                 119                  64                   0                   0                   0                   0                  20                 230                 245
                 125                  65                   0                   0                   0                   0                  20                 230                 245
                 121                  64                   0                   0                   0                   0                  20                 230                 232
                 123                  63                   0                   0                   0                   0                  20                 230                 250
                 127                  68                   0                   0                   0                   0                  20                 230                 269
                 127                  67                   0                   0                   0                   0                  20                 230                 246
                 126                  68                   0                   0                   0                   0                  20                 230                 263
                 126                  68                   0                   0                   0                   0                  20                 230                 268
                 124                  65                   0                   0                   0                   0                  20                 230                 243
                 126                  66                   0                   0                   0                   0                  20                 230                 258
                 126                  68                   0                   0                   0                   0                  20                 230                 250
                 123                  64                   0                   0                   0                   0                  20                 230                 238
                 122                  65                   0                   0                   0                   0                  20                 230                 239
                 129                  66                   0                   0                   0                   0                  20                 230                 264
                 126                  68                   0                   0                   0                   0                  20                 230                 265
                 126                  66                   0                   0                   0                   0                  20                 230                 239
                 125                  66                   0                   0                   0                   0                  20                 230                 250
                 124                  65                   0                   0                   0                   0                  20                 230                 247
                 123                  64                   0                   0                   0                   0                  20                 230                 267
                 129                  68                   0                   0                   0                   0                  20                 230                 267
                 124                  65                   0                   0                   0                   0                  20                 230                 265
                 126                  68                   0                   0                   0                   0                  20                 230                 280
                 125                  67                   0                   0                   0                   0                  20                 230                 270
                 122                  63                   0                   0                   0                   0                  20                 230                 241
                 122                  65                   0                   0                   0                   0                  20                 230                 229
                 128                  69                   0                   0                   0                   0                  20                 230                 254
                 122                  65                   0                   0                   0                   0                  20                 230                 243
                 120                  64                   0                   0                   0                   0                  20                 230                 239
                 124                  67                   0                   0                   0                   0                  20                 230                 262
                 123                  64                   0                   0                   0                   0                  20                 230                 239
--------------------------------
            trap-lat             sgi-lat         bus_acc_el1         bus_acc_el2      exceptions_el1      exceptions_el2            irqs_el1            irqs_el2              cycles
                 126                  69                   0                   0                   0                   1                   0                   0                 288
                 124                  65                   0                   1                   0                   1                   0                   0                 240
                 123                  65                   0                   1                   0                   1                   0                   0                 231
                 123                  66                   0                   1                   0                   1                   0                   0                 263
                 126                  65                   0                   1                   0                   1                   0                   0                 247
                 123                  65                   0                   1                   0                   1                   0                   0                 250
                 123                  63                   0                   1                   0                   1                   0                   0                 219
                 123                  65                   0                   1                   0                   1                   0                   0                 236
                 125                  66                   0                   1                   0                   1                   0                   0                 256
                 125                  67                   0                   1                   0                   1                   0                   0                 272
                 123                  65                   0                   1                   0                   1                   0                   0                 240
                 124                  66                   0                   1                   0                   1                   0                   0                 254
                 127                  66                   0                   1                   0                   1                   0                   0                 250
                 124                  66                   0                   1                   0                   1                   0                   0                 273
                 125                  66                   0                   1                   0                   1                   0                   0                 244
                 125                  68                   0                   1                   0                   1                   0                   0                 270
                 125                  65                   0                   1                   0                   1                   0                   0                 252
                 126                  67                   0                   1                   0                   1                   0                   0                 236
                 127                  67                   0                   1                   0                   1                   0                   0                 258
                 127                  67                   0                   1                   0                   1                   0                   0                 249
                 123                  65                   0                   1                   0                   1                   0                   0                 250
                 125                  68                   0                   1                   0                   1                   0                   0                 256
                 122                  66                   0                   1                   0                   1                   0                   0                 252
                 122                  63                   0                   1                   0                   1                   0                   0                 227
                 121                  65                   0                   1                   0                   1                   0                   0                 231
                 127                  67                   0                   1                   0                   1                   0                   0                 272
                 124                  66                   0                   1                   0                   1                   0                   0                 266
                 124                  65                   0                   1                   0                   1                   0                   0                 227
                 124                  66                   0                   1                   0                   1                   0                   0                 259
                 124                  66                   0                   1                   0                   1                   0                   0                 270
                 122                  65                   0                   1                   0                   1                   0                   0                 249
                 123                  62                   0                   1                   0                   1                   0                   0                 239
                 126                  67                   0                   1                   0                   1                   0                   0                 264
                 125                  66                   0                   1                   0                   1                   0                   0                 231
                 125                  66                   0                   1                   0                   1                   0                   0                 241
                 120                  62                   0                   1                   0                   1                   0                   0                 230
                 125                  67                   0                   1                   0                   1                   0                   0                 258
                 122                  64                   0                   1                   0                   1                   0                   0                 244
                 123                  65                   0                   1                   0                   1                   0                   0                 235
                 124                  66                   0                   1                   0                   1                   0                   0                 250
                 127                  68                   0                   1                   0                   1                   0                   0                 259
                 125                  67                   0                   1                   0                   1                   0                   0                 282
                 122                  64                   0                   1                   0                   1                   0                   0                 228
                 125                  65                   0                   1                   0                   1                   0                   0                 243
                 122                  64                   0                   1                   0                   1                   0                   0                 231
                 124                  66                   0                   1                   0                   1                   0                   0                 265
                 125                  65                   0                   1                   0                   1                   0                   0                 248
                 124                  67                   0                   1                   0                   1                   0                   0                 259
                 123                  66                   0                   1                   0                   1                   0                   0                 273
                 125                  66                   0                   1                   0                   1                   0                   0                 256
--------------------------------
            trap-lat             sgi-lat        inst_ret_el1        inst_ret_el2              cycles
                 124                  67                  25                 518                 221
                 123                  66                  25                 518                 240
                 127                  68                  25                 518                 211
                 125                  66                  25                 518                 221
                 127                  69                  25                 518                 229
                 126                  65                  25                 518                 188
                 123                  65                  25                 518                 207
                 125                  67                  25                 518                 229
                 126                  66                  25                 518                 200
                 127                  68                  25                 518                 229
                 124                  65                  25                 518                 190
                 128                  68                  25                 518                 233
                 127                  69                  25                 518                 201
                 126                  67                  25                 518                 218
                 126                  66                  25                 519                 169
                 122                  63                  25                 518                 188
                 125                  66                  25                 518                 208
                 125                  64                  25                 518                 191
                 123                  64                  25                 518                 179
                 126                  67                  25                 518                 231
                 126                  68                  25                 518                 214
                 128                  67                  25                 518                 188
                 124                  65                  25                 518                 229
                 125                  68                  25                 518                 222
                 125                  66                  25                 518                 218
                 123                  64                  25                 518                 166
                 130                  69                  25                 518                 233
                 121                  65                  25                 518                 182
                 124                  65                  25                 518                 183
                 125                  67                  25                 518                 188
                 124                  66                  25                 518                 206
                 123                  65                  25                 518                 220
                 126                  67                  25                 518                 213
                 123                  63                  25                 518                 188
                 124                  67                  25                 518                 191
                 125                  66                  25                 518                 214
                 122                  65                  25                 518                 210
                 125                  64                  25                 518                 194
                 123                  66                  25                 518                 188
                 123                  63                  25                 518                 165
                 127                  70                  25                 518                 232
                 126                  66                  25                 518                 193
                 124                  69                  25                 518                 204
                 122                  64                  25                 518                 184
                 125                  66                  25                 518                 183
                 123                  66                  25                 518                 225
                 125                  67                  25                 518                 209
                 126                  67                  25                 519                 219
                 122                  64                  25                 518                 190
                 126                  66                  25                 518                 189
----------------------------------------TARGET----------------------------------------------------
--------------------------------
             ipi-lat       l1$i_miss_el1       l1$i_miss_el2       l1$d_miss_el1       l1$d_miss_el2       l2$d_miss_el1       l2$d_miss_el2              cycles
                 269                  14                  62                  69                  18                   0                   0                5976
                 276                  14                  64                  76                  18                   0                   0                6140
                 272                  14                  62                  68                  20                   0                   0                6095
                 270                  13                  63                  64                  19                   0                   0                6054
                 269                  14                  61                  68                  20                   0                   0                6062
                 277                  15                  62                  66                  23                   0                   0                6032
                 274                  14                  63                  65                  26                   0                   0                6011
                 272                  14                  63                  66                  21                   0                   0                5975
                 276                  14                  62                  64                  21                   0                   0                5969
                 273                  13                  63                  66                  16                   0                   0                6052
                 271                  14                  62                  61                  26                   0                   0                6084
                 270                  14                  60                  61                  15                   1                   0                6049
                 273                  14                  63                  71                  24                   0                   0                6117
                 267                  13                  62                  72                  15                   0                   0                6055
                 273                  13                  64                  75                  22                   0                   0                6030
                 263                  14                  62                  68                  12                   1                   0                6090
                 280                  14                  64                  78                  22                   0                   0                6087
                 274                  14                  64                  62                  23                   1                   0                6011
                 272                  13                  64                  70                  17                   0                   0                6035
                 271                  13                  63                  75                  17                   1                   0                6058
                 276                  14                  61                  66                  24                   0                   0                6002
                 272                  14                  62                  79                  20                   0                   0                6179
                 273                  14                  63                  72                  21                   0                   0                5971
                 269                  14                  63                  65                  20                   1                   0                6061
                 274                  14                  63                  72                  18                   0                   0                5998
                 274                  13                  64                  71                  21                   1                   0                6126
                 272                  14                  65                  69                  19                   0                   0                5988
                 272                  14                  61                  59                  20                   1                   0                6060
                 273                  14                  62                  66                  18                   0                   0                6065
                 279                  14                  64                  81                  24                   0                   0                6069
                 270                  14                  63                  70                  19                   0                   0                6141
                 271                  13                  61                  83                  17                   1                   0                6171
                 276                  13                  63                  76                  18                   0                   0                6117
                 270                  14                  65                  63                  26                   1                   0                5995
                 266                  14                  63                  72                  13                   0                   0                6096
                 274                  14                  62                  73                  19                   1                   0                6080
                 272                  14                  63                  71                  22                   0                   0                6011
                 270                  13                  63                  72                  21                   0                   0                5966
                 278                  14                  62                  71                  22                   0                   0                6090
                 272                  13                  61                  72                  18                   0                   0                6047
                 267                  13                  61                  72                  20                   0                   0                6081
                 271                  14                  63                  61                  23                   1                   0                5980
                 279                  14                  65                  62                  24                   0                   0                6022
                 273                  13                  62                  65                  19                   0                   0                5990
                 270                  13                  63                  78                  18                   0                   0                6125
                 273                  14                  63                  66                  28                   0                   0                6064
                 274                  14                  64                  71                  19                   0                   0                6092
                 279                  14                  61                  71                  22                   0                   0                6031
                 275                  14                  62                  75                  16                   0                   0                6060
                 271                  14                  66                  66                  21                   0                   0                6031
--------------------------------
             ipi-lat    tlb_il1_miss_el1    tlb_il1_miss_el2    tlb_dl1_miss_el1    tlb_dl1_miss_el2         mem_acc_el1         mem_acc_el2              cycles
                 269                   0                   0                   0                   0                1450                 274                5684
                 264                   0                   0                   0                   0                1551                 274                6027
                 272                   0                   0                   0                   0                1573                 274                5980
                 273                   0                   0                   0                   0                1558                 274                5987
                 267                   0                   0                   0                   0                1587                 274                6090
                 275                   0                   0                   0                   0                1561                 274                5994
                 268                   0                   0                   0                   0                1593                 274                6100
                 271                   0                   0                   0                   0                1578                 274                6050
                 264                   0                   0                   0                   0                1570                 274                5990
                 280                   0                   0                   0                   0                1580                 274                6036
                 265                   0                   0                   0                   0                1575                 274                6047
                 272                   0                   0                   0                   0                1543                 274                5968
                 272                   0                   0                   0                   0                1558                 274                5962
                 270                   0                   0                   0                   0                1583                 274                6069
                 272                   0                   0                   0                   0                1582                 274                6010
                 272                   0                   0                   0                   0                1549                 274                5990
                 266                   0                   0                   0                   0                1596                 274                6050
                 273                   0                   0                   0                   0                1585                 274                6070
                 275                   0                   0                   0                   0                1557                 274                5949
                 268                   0                   0                   0                   0                1577                 274                6021
                 268                   0                   0                   0                   0                1573                 274                6059
                 270                   0                   0                   0                   0                1555                 274                5961
                 264                   0                   0                   0                   0                1554                 274                5936
                 265                   0                   0                   0                   0                1573                 274                6036
                 269                   0                   0                   0                   0                1555                 274                5944
                 274                   0                   0                   0                   0                1570                 274                6108
                 272                   0                   0                   0                   0                1580                 274                6068
                 274                   0                   0                   0                   0                1578                 274                6050
                 271                   0                   0                   0                   0                1583                 274                6088
                 269                   0                   0                   0                   0                1588                 274                6097
                 274                   0                   0                   0                   0                1558                 274                5978
                 267                   0                   0                   0                   0                1559                 274                5932
                 262                   0                   0                   0                   0                1574                 274                5972
                 272                   0                   0                   0                   0                1564                 274                6011
                 271                   0                   0                   0                   0                1570                 274                6007
                 269                   0                   0                   0                   0                1575                 274                6043
                 263                   0                   0                   0                   0                1570                 274                6069
                 271                   0                   0                   0                   0                1582                 274                6108
                 264                   0                   0                   0                   0                1590                 274                6147
                 278                   0                   0                   0                   0                1577                 274                6007
                 274                   0                   0                   0                   0                1576                 274                6023
                 271                   0                   0                   0                   0                1581                 274                6025
                 272                   0                   0                   0                   0                1558                 274                6037
                 267                   0                   0                   0                   0                1571                 274                6044
                 268                   0                   0                   0                   0                1567                 274                6026
                 271                   0                   0                   0                   0                1580                 274                6032
                 267                   0                   0                   0                   0                1566                 274                5960
                 264                   0                   0                   0                   0                1571                 274                6001
                 268                   0                   0                   0                   0                1569                 274                5988
                 276                   0                   0                   0                   0                1560                 274                5967
--------------------------------
             ipi-lat         bus_acc_el1         bus_acc_el2      exceptions_el1      exceptions_el2            irqs_el1            irqs_el2              cycles
                 271                   2                   3                   1                   1                   2                   0                5811
                 268                   7                   3                   1                   1                   2                   0                5954
                 270                  10                   3                   1                   1                   2                   0                6065
                 275                   2                   3                   1                   1                   2                   0                6086
                 271                  10                   3                   1                   1                   2                   0                6056
                 271                   2                   3                   1                   1                   2                   0                6159
                 272                   6                   3                   1                   1                   2                   0                6065
                 268                   2                   3                   1                   1                   2                   0                6104
                 266                  10                   3                   1                   1                   2                   0                6020
                 267                   2                   3                   1                   1                   2                   0                6063
                 268                  10                   3                   1                   1                   2                   0                6107
                 270                   2                   3                   1                   1                   2                   0                6153
                 274                  10                   3                   1                   1                   2                   0                6048
                 272                   2                   3                   1                   1                   2                   0                5966
                 272                   6                   3                   1                   1                   2                   0                6029
                 265                   2                   3                   1                   1                   2                   0                6033
                 268                  10                   3                   1                   1                   2                   0                6018
                 269                   2                   3                   1                   1                   2                   0                6020
                 271                  10                   3                   1                   1                   2                   0                5961
                 274                   2                   3                   1                   1                   2                   0                6040
                 269                  10                   3                   1                   1                   2                   0                6098
                 268                   2                   3                   1                   1                   2                   0                6022
                 262                   6                   3                   1                   1                   2                   0                6078
                 265                   2                   3                   1                   1                   2                   0                6075
                 267                  10                   3                   1                   1                   2                   0                5975
                 273                   2                   3                   1                   1                   2                   0                5981
                 267                  10                   3                   1                   1                   2                   0                6090
                 271                   2                   3                   1                   1                   2                   0                6116
                 264                  10                   3                   1                   1                   2                   0                6039
                 265                   2                   3                   1                   1                   2                   0                6087
                 269                   6                   3                   1                   1                   2                   0                6111
                 268                   2                   3                   1                   1                   2                   0                6080
                 271                  10                   3                   1                   1                   2                   0                6021
                 270                   2                   3                   1                   1                   2                   0                6105
                 270                  10                   3                   1                   1                   2                   0                6066
                 266                   2                   3                   1                   1                   2                   0                6087
                 267                  10                   3                   1                   1                   2                   0                5978
                 266                   2                   3                   1                   1                   2                   0                6071
                 269                   6                   3                   1                   1                   2                   0                6029
                 271                   2                   3                   1                   1                   2                   0                6030
                 268                  10                   3                   1                   1                   2                   0                6035
                 272                   2                   3                   1                   1                   2                   0                6018
                 271                  10                   3                   1                   1                   2                   0                6037
                 280                   2                   3                   1                   1                   2                   0                6044
                 271                   2                   3                   1                   1                   2                   0                6021
                 268                   2                   3                   1                   1                   2                   0                6082
                 277                   2                   3                   1                   1                   2                   0                5962
                 266                   2                   3                   1                   1                   2                   0                6056
                 271                   6                   3                   1                   1                   2                   0                6034
                 271                   2                   3                   1                   1                   2                   0                6011
--------------------------------
             ipi-lat        inst_ret_el1        inst_ret_el2              cycles
                 272                5322                 592                5744
                 273                5755                 592                6163
                 268                5685                 592                6059
                 273                5647                 592                5993
                 275                5656                 592                6032
                 273                5692                 592                6106
                 274                5671                 592                6038
                 271                5650                 592                6047
                 276                5650                 592                5980
                 270                5595                 592                5959
                 271                5623                 592                5955
                 275                5653                 592                5982
                 272                5594                 592                5961
                 273                5611                 592                5935
                 271                5661                 592                5986
                 271                5644                 592                6078
                 271                5698                 592                5978
                 273                5647                 592                6007
                 274                5650                 592                6005
                 275                5638                 592                6019
                 273                5669                 592                5950
                 273                5698                 592                6063
                 275                5682                 592                6078
                 272                5654                 592                6043
                 268                5695                 592                6009
                 267                5671                 592                6004
                 274                5683                 592                5944
                 270                5683                 592                6002
                 276                5661                 592                5986
                 268                5692                 592                6051
                 269                5664                 592                6022
                 272                5715                 592                6057
                 272                5653                 592                6054
                 268                5632                 592                5998
                 264                5678                 592                6061
                 271                5587                 592                6010
                 271                5715                 592                6060
                 270                5658                 592                6023
                 265                5644                 592                5992
                 271                5616                 592                5978
                 268                5622                 592                5989
                 273                5635                 592                6013
                 268                5702                 592                6018
                 278                5661                 592                6068
                 268                5662                 592                6059
                 281                5662                 592                6082
                 271                5659                 592                5986
                 275                5656                 592                6019
                 263                5661                 592                6023
                 272                5698                 592                6130
Press 's' to start...
