--------------------------------
            trap-lat             sgi-lat       l1$i_miss_el1       l1$i_miss_el2       l1$d_miss_el1       l1$d_miss_el2       l2$d_miss_el1       l2$d_miss_el2              cycles
                   6                   0                   5                   0                   4                   0                   4                   0                 444
                   5                   0                   4                   0                   2                   0                   1                   0                 192
                   2                   0                   4                   0                   1                   0                   0                   0                 151
                   4                   0                   2                   0                   3                   0                   1                   0                 155
                   3                   0                   4                   0                   1                   0                   0                   0                 152
                   3                   0                   4                   0                   1                   0                   0                   0                 151
                   3                   0                   4                   0                   1                   0                   0                   0                 151
                   2                   0                   4                   0                   0                   0                   1                   0                 168
                   2                   0                   4                   0                   0                   0                   0                   0                 149
                   3                   0                   4                   0                   0                   0                   1                   0                 149
                   3                   0                   2                   0                   3                   0                   0                   0                 179
                   2                   0                   4                   0                   1                   0                   1                   0                 150
                   3                   0                   4                   0                   1                   0                   0                   0                 151
                   2                   0                   4                   0                   1                   0                   0                   0                 173
                   5                   0                   4                   0                   1                   0                   0                   0                 171
                   2                   0                   5                   0                   2                   0                   1                   0                 162
                   2                   0                   4                   0                   0                   0                   0                   0                 149
                   2                   0                   4                   0                   0                   0                   1                   0                 150
                   2                   0                   5                   0                   1                   0                   0                   0                 174
                   3                   0                   4                   0                   2                   0                   1                   0                 152
                   3                   0                   4                   0                   1                   0                   0                   0                 151
                   3                   0                   2                   0                   1                   0                   0                   0                 147
                   2                   0                   4                   0                   1                   0                   0                   0                 149
                   3                   0                   4                   0                   2                   0                   1                   0                 152
                   2                   0                   4                   0                   0                   0                   0                   0                 148
                   4                   0                   4                   0                   1                   0                   1                   0                 152
                   4                   0                   4                   0                   3                   0                   0                   0                 152
                   4                   0                   4                   0                   3                   0                   1                   0                 152
                   4                   0                   4                   0                   3                   0                   0                   0                 161
                   3                   0                   4                   0                   2                   0                   0                   0                 153
                   4                   0                   4                   0                   2                   0                   0                   0                 153
                   4                   0                   4                   0                   1                   0                   1                   0                 152
                   3                   0                   2                   0                   2                   0                   0                   0                 148
                   4                   0                   4                   0                   2                   0                   1                   0                 151
                   3                   0                   4                   0                   2                   0                   0                   0                 161
                   4                   0                   4                   0                   2                   0                   1                   0                 153
                   3                   0                   4                   0                   2                   0                   0                   0                 150
                   4                   0                   4                   0                   1                   0                   0                   0                 152
                   3                   0                   4                   0                   2                   0                   0                   0                 167
                   3                   0                   4                   0                   1                   0                   1                   0                 152
                   2                   0                   4                   0                   0                   0                   0                   0                 151
                   4                   0                   5                   0                   3                   0                   1                   0                 162
                   2                   0                   4                   0                   1                   0                   0                   0                 149
                   3                   0                   2                   0                   2                   0                   0                   0                 143
                   4                   0                   4                   0                   1                   0                   0                   0                 152
                   4                   0                   4                   0                   1                   0                   0                   0                 152
                   4                   0                   4                   0                   2                   0                   0                   0                 152
                   3                   0                   4                   0                   2                   0                   0                   0                 168
                   4                   0                   4                   0                   2                   0                   0                   0                 155
                   4                   0                   4                   0                   2                   0                   0                   0                 152
--------------------------------
            trap-lat             sgi-lat    tlb_il1_miss_el1    tlb_il1_miss_el2    tlb_dl1_miss_el1    tlb_dl1_miss_el2         mem_acc_el1         mem_acc_el2              cycles
                   3                   0                   0                   0                   0                   0                  20                   0                 152
                   2                   0                   0                   0                   0                   0                  20                   0                 145
                   2                   0                   0                   0                   0                   0                  20                   0                 145
                   4                   0                   0                   0                   0                   0                  20                   0                 143
                   4                   0                   0                   0                   0                   0                  20                   0                 151
                   4                   0                   0                   0                   0                   0                  20                   0                 176
                   2                   0                   0                   0                   0                   0                  20                   0                 145
                   3                   0                   0                   0                   0                   0                  20                   0                 169
                   3                   0                   0                   0                   0                   0                  20                   0                 149
                   4                   0                   0                   0                   0                   0                  20                   0                 148
                   4                   0                   0                   0                   0                   0                  20                   0                 152
                   3                   0                   0                   0                   0                   0                  20                   0                 147
                   2                   0                   0                   0                   0                   0                  20                   0                 145
                   4                   0                   0                   0                   0                   0                  20                   0                 153
                   2                   0                   0                   0                   0                   0                  20                   0                 138
                   2                   0                   0                   0                   0                   0                  20                   0                 146
                   2                   0                   0                   0                   0                   0                  20                   0                 174
                   3                   0                   0                   0                   0                   0                  20                   0                 145
                   3                   0                   0                   0                   0                   0                  20                   0                 149
                   2                   0                   0                   0                   0                   0                  20                   0                 145
                   3                   0                   0                   0                   0                   0                  20                   0                 147
                   4                   0                   0                   0                   0                   0                  20                   0                 149
                   2                   0                   0                   0                   0                   0                  20                   0                 145
                   5                   0                   0                   0                   0                   0                  20                   0                 155
                   2                   0                   0                   0                   0                   0                  20                   0                 145
                   3                   0                   0                   0                   0                   0                  20                   0                 143
                   2                   0                   0                   0                   0                   0                  20                   0                 144
                   4                   0                   0                   0                   0                   0                  20                   0                 148
                   3                   0                   0                   0                   0                   0                  20                   0                 150
                   3                   0                   0                   0                   0                   0                  20                   0                 150
                   3                   0                   0                   0                   0                   0                  20                   0                 151
                   3                   0                   0                   0                   0                   0                  20                   0                 148
                   3                   0                   0                   0                   0                   0                  20                   0                 148
                   4                   0                   0                   0                   0                   0                  20                   0                 151
                   2                   0                   0                   0                   0                   0                  20                   0                 144
                   4                   0                   0                   0                   0                   0                  20                   0                 147
                   2                   0                   0                   0                   0                   0                  20                   0                 135
                   2                   0                   0                   0                   0                   0                  20                   0                 145
                   2                   0                   0                   0                   0                   0                  20                   0                 145
                   4                   0                   0                   0                   0                   0                  20                   0                 174
                   4                   0                   0                   0                   0                   0                  20                   0                 151
                   2                   0                   0                   0                   0                   0                  20                   0                 144
                   4                   0                   0                   0                   0                   0                  20                   0                 147
                   2                   0                   0                   0                   0                   0                  20                   0                 145
                   3                   0                   0                   0                   0                   0                  20                   0                 169
                   4                   0                   0                   0                   0                   0                  20                   0                 152
                   4                   0                   0                   0                   0                   0                  20                   0                 152
                   1                   0                   0                   0                   0                   0                  20                   0                 136
                   2                   0                   0                   0                   0                   0                  20                   0                 169
                   3                   0                   0                   0                   0                   0                  20                   0                 148
--------------------------------
            trap-lat             sgi-lat         bus_acc_el1         bus_acc_el2      exceptions_el1      exceptions_el2            irqs_el1            irqs_el2              cycles
                   3                   0                   0                   0                   0                   0                   0                   0                 141
                   4                   0                   0                   0                   0                   0                   0                   0                 154
                   2                   0                   0                   0                   0                   0                   0                   0                 150
                   2                   0                   0                   0                   0                   0                   0                   0                 167
                   4                   0                   0                   0                   0                   0                   0                   0                 152
                   2                   0                   0                   0                   0                   0                   0                   0                 153
                   4                   0                   0                   0                   0                   0                   0                   0                 151
                   2                   0                   0                   0                   0                   0                   0                   0                 158
                   2                   0                   0                   0                   0                   0                   0                   0                 149
                   2                   0                   0                   0                   0                   0                   0                   0                 149
                   2                   0                   0                   0                   0                   0                   0                   0                 148
                   4                   0                   0                   0                   0                   0                   0                   0                 154
                   3                   0                   0                   0                   0                   0                   0                   0                 155
                   3                   0                   0                   0                   0                   0                   0                   0                 152
                   5                   0                   0                   0                   0                   0                   0                   0                 169
                   3                   0                   0                   0                   0                   0                   0                   0                 138
                   2                   0                   0                   0                   0                   0                   0                   0                 150
                   2                   0                   0                   0                   0                   0                   0                   0                 149
                   3                   0                   0                   0                   0                   0                   0                   0                 149
                   2                   0                   0                   0                   0                   0                   0                   0                 149
                   2                   0                   0                   0                   0                   0                   0                   0                 170
                   3                   0                   0                   0                   0                   0                   0                   0                 149
                   2                   0                   0                   0                   0                   0                   0                   0                 148
                   4                   0                   0                   0                   0                   0                   0                   0                 154
                   2                   0                   0                   0                   0                   0                   0                   0                 149
                   2                   0                   0                   0                   0                   0                   0                   0                 150
                   3                   0                   0                   0                   0                   0                   0                   0                 147
                   2                   0                   0                   0                   0                   0                   0                   0                 150
                   4                   0                   0                   0                   0                   0                   0                   0                 151
                   3                   0                   0                   0                   0                   0                   0                   0                 150
                   3                   0                   0                   0                   0                   0                   0                   0                 156
                   3                   0                   0                   0                   0                   0                   0                   0                 152
                   3                   0                   0                   0                   0                   0                   0                   0                 153
                   3                   0                   0                   0                   0                   0                   0                   0                 152
                   4                   0                   0                   0                   0                   0                   0                   0                 151
                   4                   0                   0                   0                   0                   0                   0                   0                 152
                   3                   0                   0                   0                   0                   0                   0                   0                 151
                   4                   0                   0                   0                   0                   0                   0                   0                 152
                   4                   0                   0                   0                   0                   0                   0                   0                 153
                   3                   0                   0                   0                   0                   0                   0                   0                 152
                   2                   0                   0                   0                   0                   0                   0                   0                 150
                   3                   0                   0                   0                   0                   0                   0                   0                 152
                   3                   0                   0                   0                   0                   0                   0                   0                 151
                   4                   0                   0                   0                   0                   0                   0                   0                 149
                   2                   0                   0                   0                   0                   0                   0                   0                 144
                   2                   0                   0                   0                   0                   0                   0                   0                 144
                   4                   0                   0                   0                   0                   0                   0                   0                 149
                   3                   0                   0                   0                   0                   0                   0                   0                 143
                   3                   0                   0                   0                   0                   0                   0                   0                 143
                   3                   0                   0                   0                   0                   0                   0                   0                 171
--------------------------------
            trap-lat             sgi-lat        inst_ret_el1        inst_ret_el2              cycles
                   5                   0                  23                   0                 122
                   2                   0                  23                   0                 116
                   3                   0                  23                   0                 103
                   3                   0                  23                   0                  98
                   3                   0                  23                   0                  96
                   4                   0                  23                   0                  98
                   3                   0                  23                   0                  96
                   3                   0                  23                   0                  96
                   3                   0                  23                   0                 102
                   3                   0                  23                   0                  99
                   3                   0                  23                   0                  97
                   4                   0                  23                   0                  99
                   2                   0                  23                   0                  96
                   4                   0                  23                   0                 102
                   3                   0                  23                   0                 104
                   4                   0                  23                   0                 102
                   2                   0                  23                   0                 102
                   6                   0                  23                   0                 128
                   3                   0                  23                   0                  99
                   3                   0                  23                   0                  96
                   2                   0                  23                   0                 109
                   3                   0                  23                   0                  98
                   4                   0                  23                   0                 104
                   3                   0                  23                   0                 104
                   4                   0                  23                   0                  97
                   4                   0                  23                   0                  99
                   3                   0                  23                   0                  99
                   3                   0                  23                   0                 104
                   4                   0                  23                   0                  99
                   4                   0                  23                   0                 104
                   3                   0                  23                   0                  96
                   2                   0                  23                   0                  96
                   3                   0                  23                   0                  94
                   4                   0                  23                   0                 104
                   3                   0                  23                   0                  99
                   2                   0                  23                   0                  96
                   2                   0                  23                   0                 102
                   2                   0                  23                   0                  96
                   4                   0                  23                   0                  99
                   4                   0                  23                   0                 104
                   4                   0                  23                   0                  99
                   3                   0                  23                   0                  99
                   5                   0                  23                   0                 121
                   3                   0                  23                   0                 100
                   2                   0                  23                   0                 102
                   3                   0                  23                   0                 104
                   4                   0                  23                   0                  99
                   2                   0                  23                   0                  96
                   4                   0                  23                   0                  99
                   3                   0                  23                   0                  97
----------------------------------------TARGET----------------------------------------------------
--------------------------------
             ipi-lat       l1$i_miss_el1       l1$i_miss_el2       l1$d_miss_el1       l1$d_miss_el2       l2$d_miss_el1       l2$d_miss_el2              cycles
                  30                  15                   0               12138                   0                   0                   0            12003417
                  29                  14                   0               18181                   0                   0                   0            12003588
                  29                  15                   0               18217                   0                   0                   0            12003468
                  30                  14                   0               18234                   0                   0                   0            12003449
                  30                  15                   0                9129                   0                   0                   0            12003475
                  28                  14                   0               21753                   0                   0                   0            12003397
                  28                  14                   0               57591                   0                   0                   0            12003462
                  29                  15                   0               18142                   0                   0                   0            12003441
                  29                  14                   0               18160                   0                   0                   0            12003392
                  30                  13                   0               12151                   0                   0                   0            12003440
                  29                  15                   0               12130                   0                   0                   0            12003419
                  28                  15                   0               12141                   0                   1                   0            12003441
                  30                  14                   0               12182                   0                   0                   0            12003456
                  28                  14                   0               57520                   0                   0                   0            12003411
                  31                  14                   0               12135                   0                   0                   0            12003465
                  28                  14                   0               18183                   0                   1                   0            12003447
                  28                  15                   0               12152                   0                   0                   0            12003430
                  29                  15                   0               12155                   0                   1                   0            12003375
                  26                  14                   0               57436                   0                   0                   0            12003411
                  30                  15                   0               12160                   0                   1                   0            12003498
                  30                  14                   0               22548                   0                   0                   0            12003487
                  30                  13                   0               12146                   0                   0                   0            12003432
                  28                  14                   0               18224                   0                   0                   0            12003434
                  30                  15                   0               18199                   0                   1                   0            12003453
                  29                  15                   0               12174                   0                   0                   0            12003431
                  30                  14                   0               18200                   0                   1                   0            12003449
                  30                  13                   0               22225                   0                   0                   0            12003435
                  30                  14                   0               21744                   0                   2                   0            12003457
                  30                  13                   0               46317                   0                   0                   0            12003439
                  30                  13                   0               18238                   0                   0                   0            12003403
                  31                  14                   0               12181                   0                   0                   0            12003442
                  30                  14                   0               44245                   0                   1                   0            12003446
                  29                  14                   0               12138                   0                   0                   0            12003383
                  30                  14                   0              116771                   0                   1                   0            12003438
                  30                  14                   0               58833                   0                   0                   0            12003428
                  30                  14                   0               18162                   0                   1                   0            12003445
                  29                  15                   0               57625                   0                   0                   0            12003426
                  30                  14                   0               21771                   0                   0                   0            12003462
                  30                  15                   0               21811                   0                   0                   0            12003431
                  30                  14                   0               12197                   0                   1                   0            12003467
                  28                  15                   0               43512                   0                   0                   0            12003438
                  31                  15                   0               12164                   0                   1                   0            12003414
                  28                  15                   0               18175                   0                   0                   0            12003438
                  30                  15                   0               43644                   0                   0                   0            12003402
                  30                  15                   0               12137                   0                   0                   0            12003466
                  30                  15                   0               22263                   0                   0                   0            12003402
                  31                  14                   0               18175                   0                   0                   0            12003437
                  30                  15                   0               18196                   0                   0                   0            12003452
                  30                  15                   0               18168                   0                   0                   0            12003443
                  30                  13                   0               12145                   0                   0                   0            12003472
--------------------------------
             ipi-lat    tlb_il1_miss_el1    tlb_il1_miss_el2    tlb_dl1_miss_el1    tlb_dl1_miss_el2         mem_acc_el1         mem_acc_el2              cycles
                  30                   0                   0                   0                   0             3722932                   0            12003347
                  28                   0                   0                   0                   0             3722801                   0            12003364
                  28                   0                   0                   0                   0             3724397                   0            12003452
                  30                   0                   0                   0                   0             3719879                   0            12003429
                  31                   0                   0                   0                   0             3715674                   0            12003482
                  31                   0                   0                   0                   0             3719818                   0            12003441
                  28                   0                   0                   0                   0             3728432                   0            12003420
                  27                   0                   0                   0                   0             3805950                   0            12003400
                  28                   0                   0                   0                   0             3715629                   0            12003398
                  28                   0                   0                   0                   0             3673324                   0            12003424
                  28                   0                   0                   0                   0             3725180                   0            12003459
                  27                   0                   0                   0                   0             3770293                   0            12003425
                  29                   0                   0                   0                   0             3704911                   0            12003429
                  31                   0                   0                   0                   0             3774903                   0            12003418
                  31                   0                   0                   0                   0             3720631                   0            12003438
                  29                   0                   0                   0                   0             3729586                   0            12003410
                  27                   0                   0                   0                   0             3736736                   0            12003427
                  29                   0                   0                   0                   0             3725023                   0            12003432
                  29                   0                   0                   0                   0             3824227                   0            12003479
                  28                   0                   0                   0                   0             3719807                   0            12003403
                  30                   0                   0                   0                   0             3722995                   0            12003455
                  31                   0                   0                   0                   0             3715837                   0            12003453
                  29                   0                   0                   0                   0             3722026                   0            12003465
                  31                   0                   0                   0                   0             3724792                   0            12003470
                  29                   0                   0                   0                   0             3724434                   0            12003473
                  30                   0                   0                   0                   0             3724388                   0            12003436
                  28                   0                   0                   0                   0             3722973                   0            12003411
                  30                   0                   0                   0                   0             3721469                   0            12003481
                  29                   0                   0                   0                   0             3724406                   0            12003403
                  29                   0                   0                   0                   0             3701204                   0            12003417
                  30                   0                   0                   0                   0             3721963                   0            12003488
                  29                   0                   0                   0                   0             3773511                   0            12003438
                  30                   0                   0                   0                   0             3723046                   0            12003461
                  30                   0                   0                   0                   0             3719812                   0            12003413
                  29                   0                   0                   0                   0             3723032                   0            12003465
                  30                   0                   0                   0                   0             3805443                   0            12003429
                  28                   0                   0                   0                   0             3716826                   0            12003441
                  28                   0                   0                   0                   0             3824980                   0            12003438
                  29                   0                   0                   0                   0             3725049                   0            12003450
                  28                   0                   0                   0                   0             3797571                   0            12003420
                  30                   0                   0                   0                   0             3722933                   0            12003462
                  29                   0                   0                   0                   0             3724467                   0            12003409
                  30                   0                   0                   0                   0             3721468                   0            12003452
                  29                   0                   0                   0                   0             3720629                   0            12003449
                  29                   0                   0                   0                   0             3719103                   0            12003473
                  31                   0                   0                   0                   0             3705394                   0            12003460
                  30                   0                   0                   0                   0             3720626                   0            12003469
                  29                   0                   0                   0                   0             3729618                   0            12003433
                  26                   0                   0                   0                   0             3741151                   0            12003411
                  29                   0                   0                   0                   0             3725059                   0            12003443
--------------------------------
             ipi-lat         bus_acc_el1         bus_acc_el2      exceptions_el1      exceptions_el2            irqs_el1            irqs_el2              cycles
                  30                   3                   0                   1                   0                   1                   0            12003327
                  30                   8                   0                   1                   0                   1                   0            12003373
                  28                  11                   0                   1                   0                   1                   0            12003448
                  29                   3                   0                   1                   0                   1                   0            12003475
                  31                  11                   0                   1                   0                   1                   0            12003494
                  29                   3                   0                   1                   0                   1                   0            12003468
                  28                   7                   0                   1                   0                   1                   0            12003463
                  30                   3                   0                   1                   0                   1                   0            12003463
                  29                  11                   0                   1                   0                   1                   0            12003461
                  29                   3                   0                   1                   0                   1                   0            12003434
                  28                  11                   0                   1                   0                   1                   0            12003622
                  30                   3                   0                   1                   0                   1                   0            12003467
                  29                  11                   0                   1                   0                   1                   0            12003419
                  30                   3                   0                   1                   0                   1                   0            12003475
                  32                   7                   0                   1                   0                   1                   0            12003525
                  29                   3                   0                   1                   0                   1                   0            12003391
                  28                  11                   0                   1                   0                   1                   0            12003434
                  27                   3                   0                   1                   0                   1                   0            12003382
                  29                  11                   0                   1                   0                   1                   0            12003416
                  29                   3                   0                   1                   0                   1                   0            12003470
                  30                  11                   0                   1                   0                   1                   0            12003473
                  29                   3                   0                   1                   0                   1                   0            12003436
                  29                   7                   0                   1                   0                   1                   0            12003431
                  29                   3                   0                   1                   0                   1                   0            12003416
                  28                  11                   0                   1                   0                   1                   0            12003486
                  28                   3                   0                   1                   0                   1                   0            12003413
                  30                  11                   0                   1                   0                   1                   0            12003436
                  28                   3                   0                   1                   0                   1                   0            12003457
                  30                  11                   0                   1                   0                   1                   0            12003444
                  29                   3                   0                   1                   0                   1                   0            12003444
                  30                   7                   0                   1                   0                   1                   0            12003479
                  30                   3                   0                   1                   0                   1                   0            12003486
                  30                  11                   0                   1                   0                   1                   0            12003460
                  29                   3                   0                   1                   0                   1                   0            12003461
                  30                  11                   0                   1                   0                   1                   0            12003434
                  28                   3                   0                   1                   0                   1                   0            12003421
                  28                  11                   0                   1                   0                   1                   0            12003418
                  30                   3                   0                   1                   0                   1                   0            12003441
                  31                   7                   0                   1                   0                   1                   0            12003428
                  30                   3                   0                   1                   0                   1                   0            12003442
                  28                  11                   0                   1                   0                   1                   0            12003435
                  29                   3                   0                   1                   0                   1                   0            12003444
                  30                  11                   0                   1                   0                   1                   0            12003445
                  30                   3                   0                   1                   0                   1                   0            12003432
                  28                   3                   0                   1                   0                   1                   0            12003463
                  29                   3                   0                   1                   0                   1                   0            12003450
                  30                   3                   0                   1                   0                   1                   0            12003451
                  29                   3                   0                   1                   0                   1                   0            12003438
                  30                   7                   0                   1                   0                   1                   0            12003471
                  29                   3                   0                   1                   0                   1                   0            12003460
--------------------------------
             ipi-lat        inst_ret_el1        inst_ret_el2              cycles
                  29            18613389                   0            12003463
                  28            18544963                   0            12003393
                  29            18635373                   0            12003395
                  29            18635559                   0            12003422
                  29            18568788                   0            12003427
                  30            18788275                   0            12003432
                  29            18871535                   0            12003423
                  28            18546543                   0            12003413
                  30            18603092                   0            12003439
                  30            18635793                   0            12003454
                  30            18585758                   0            12003437
                  30            18615856                   0            12003461
                  26            18730122                   0            12003393
                  30            18598959                   0            12003411
                  29            18615770                   0            12003427
                  30            18585765                   0            12003450
                  29            18615644                   0            12003432
                  32            18635747                   0            12003486
                  30            18585883                   0            12003407
                  29            18595158                   0            12003397
                  28            18628898                   0            12003396
                  29            18615662                   0            12003427
                  31            18615752                   0            12003445
                  30            18602939                   0            12003423
                  30            18602728                   0            12003445
                  30            18615838                   0            12003411
                  30            18595237                   0            12003464
                  27            18308788                   0            12003369
                  30            18586020                   0            12003414
                  31            18592475                   0            12003448
                  29            18585781                   0            12003379
                  28            18613423                   0            12003441
                  29            18598982                   0            12003379
                  29            19027264                   0            12003398
                  30            18615866                   0            12003441
                  28            18565076                   0            12003434
                  28            18853803                   0            12003383
                  28            18613567                   0            12003417
                  28            18889909                   0            12003478
                  30            18635572                   0            12003438
                  31            18595397                   0            12003402
                  29            18613598                   0            12003452
                  32            18598707                   0            12003457
                  30            18629272                   0            12003409
                  29            18615816                   0            12003391
                  30            18613442                   0            12003441
                  30            18577152                   0            12003453
                  26            18435983                   0            12003408
                  30            18635332                   0            12003411
                  29            18628767                   0            12003395
Press 's' to start...!!!
