--------------------------------
            trap-lat             sgi-lat       l1$i_miss_el1       l1$i_miss_el2       l1$d_miss_el1       l1$d_miss_el2       l2$d_miss_el1       l2$d_miss_el2              cycles
                 196                 104                   6                  59                   6                  13                   3                   0                 387
                 197                 106                   4                  55                   4                  19                   1                   1                 253
                 194                 103                   4                  56                   5                  17                   0                   0                 289
                 192                 101                   4                  59                   5                  15                   1                   0                 300
                 205                 112                   4                  58                   6                  13                   0                   2                 285
                 194                 103                   4                  59                   6                  15                   0                   0                 317
                 193                 103                   4                  59                   5                  14                   0                   0                 319
                 192                 102                   4                  58                   4                  17                   0                   0                 294
                 197                 104                   4                  59                   6                  17                   0                   0                 294
                 190                 100                   4                  58                   5                  14                   0                   0                 293
                 195                 104                   4                  58                   6                  18                   0                   0                 309
                 199                 107                   4                  59                   7                  18                   1                   0                 306
                 194                 100                   4                  59                   5                  18                   0                   0                 293
                 192                 101                   4                  57                   5                  15                   0                   0                 260
                 193                 100                   4                  59                   5                  13                   0                   0                 266
                 194                 103                   4                  59                   5                  17                   0                   0                 256
                 199                 107                   4                  59                   6                  17                   0                   0                 282
                 195                 103                   4                  58                   6                  15                   1                   0                 283
                 192                 102                   4                  56                   5                  16                   0                   0                 272
                 193                 101                   2                  58                   7                  19                   1                   0                 265
                 200                 107                   4                  57                   6                  20                   0                   0                 280
                 193                 102                   4                  59                   6                  14                   0                   0                 273
                 202                 103                   4                  57                   5                  17                   0                   0                 320
                 193                 102                   4                  59                   5                  13                   0                   0                 257
                 192                 100                   4                  56                   4                  19                   0                   0                 275
                 193                 102                   4                  58                   4                  14                   1                   0                 253
                 196                 103                   4                  58                   4                  20                   0                   3                 230
                 194                 104                   4                  58                   6                  16                   0                   0                 273
                 194                 103                   4                  57                   5                  14                   0                   0                 272
                 193                 101                   4                  57                   5                  20                   0                   2                 296
                 193                 104                   4                  58                   5                  15                   0                   0                 249
                 193                 102                   4                  58                   5                  13                   1                   0                 255
                 193                 102                   4                  56                   5                  20                   0                   0                 285
                 196                 105                   2                  58                   6                  20                   0                   0                 267
                 193                 102                   4                  58                   6                  13                   0                   0                 278
                 191                 100                   2                  58                   5                  18                   1                   0                 242
                 209                 117                   4                  59                   7                  20                   0                   2                 281
                 193                 102                   4                  57                   4                  17                   0                   0                 245
                 193                 103                   4                  59                   6                  14                   0                   0                 275
                 191                 101                   2                  59                   8                  11                   0                   0                 278
                 193                 100                   4                  58                   4                  14                   0                   0                 318
                 192                 102                   4                  58                   5                  14                   1                   0                 254
                 196                 103                   4                  57                   7                  17                   0                   0                 283
                 192                 102                   4                  58                   5                  18                   0                   0                 242
                 195                 104                   4                  58                   7                  17                   0                   0                 278
                 198                 106                   4                  59                   5                  18                   0                   0                 257
                 193                 101                   4                  59                   4                  13                   0                   2                 254
                 196                 105                   4                  56                   6                  17                   0                   0                 331
                 197                 107                   4                  56                   7                  19                   0                   0                 275
                 194                 101                   4                  59                   5                  16                   0                   0                 273
--------------------------------
            trap-lat             sgi-lat    tlb_il1_miss_el1    tlb_il1_miss_el2    tlb_dl1_miss_el1    tlb_dl1_miss_el2         mem_acc_el1         mem_acc_el2              cycles
                 190                 101                   0                   0                   0                   0                  20                 276                 245
                 194                 103                   0                   0                   0                   0                  20                 276                 278
                 195                 103                   0                   0                   0                   0                  20                 276                 252
                 192                 102                   0                   0                   0                   0                  20                 276                 271
                 194                 102                   0                   0                   0                   0                  20                 276                 259
                 195                 103                   0                   0                   0                   0                  20                 276                 264
                 189                  99                   0                   0                   0                   0                  20                 276                 258
                 190                  99                   0                   0                   0                   0                  20                 276                 308
                 193                 103                   0                   0                   0                   0                  20                 276                 281
                 194                 104                   0                   0                   0                   0                  20                 276                 256
                 188                  98                   0                   0                   0                   0                  20                 276                 227
                 193                 103                   0                   0                   0                   0                  20                 276                 273
                 188                  97                   0                   0                   0                   0                  20                 276                 232
                 192                 100                   0                   0                   0                   0                  20                 276                 343
                 196                 105                   0                   0                   0                   0                  20                 276                 284
                 194                 102                   0                   0                   0                   0                  20                 276                 267
                 192                 101                   0                   0                   0                   0                  20                 276                 239
                 197                 106                   0                   0                   0                   0                  20                 276                 268
                 208                 119                   0                   0                   0                   0                  20                 276                 282
                 197                 105                   0                   0                   0                   0                  20                 276                 264
                 192                 101                   0                   0                   0                   0                  20                 276                 255
                 189                  97                   0                   0                   0                   0                  20                 276                 225
                 190                  99                   0                   0                   0                   0                  20                 276                 232
                 194                 103                   0                   0                   0                   0                  20                 276                 247
                 194                 102                   0                   0                   0                   0                  20                 276                 253
                 187                  96                   0                   0                   0                   0                  20                 276                 202
                 195                 101                   0                   0                   0                   0                  20                 276                 260
                 189                  98                   0                   0                   0                   0                  20                 276                 233
                 197                 104                   0                   0                   0                   0                  20                 276                 269
                 194                 102                   0                   0                   0                   0                  20                 276                 245
                 192                 100                   0                   0                   0                   0                  20                 276                 333
                 193                 102                   0                   0                   0                   0                  20                 276                 260
                 194                 100                   0                   0                   0                   0                  20                 276                 255
                 195                 104                   0                   0                   0                   0                  20                 276                 238
                 195                 102                   0                   0                   0                   0                  20                 276                 321
                 195                 104                   0                   0                   0                   0                  20                 276                 274
                 196                 104                   0                   0                   0                   0                  20                 276                 268
                 192                 101                   0                   0                   0                   0                  20                 276                 241
                 195                 105                   0                   0                   0                   0                  20                 276                 250
                 195                 103                   0                   0                   0                   0                  20                 276                 260
                 193                 102                   0                   0                   0                   0                  20                 276                 263
                 193                 100                   0                   0                   0                   0                  20                 276                 266
                 193                  99                   0                   0                   0                   0                  20                 276                 240
                 195                 102                   0                   0                   0                   0                  20                 276                 276
                 193                 101                   0                   0                   0                   0                  20                 276                 233
                 192                 100                   0                   0                   0                   0                  20                 276                 238
                 195                 102                   0                   0                   0                   0                  20                 276                 295
                 197                 106                   0                   0                   0                   0                  20                 276                 276
                 188                  98                   0                   0                   0                   0                  20                 276                 238
                 190                  97                   0                   0                   0                   0                  20                 276                 251
--------------------------------
            trap-lat             sgi-lat         bus_acc_el1         bus_acc_el2      exceptions_el1      exceptions_el2            irqs_el1            irqs_el2              cycles
                 206                 116                   0                   8                   0                   1                   0                   0                 271
                 197                 105                   0                   0                   0                   1                   0                   0                 297
                 192                 100                   0                   0                   0                   1                   0                   0                 316
                 191                 100                   0                   0                   0                   1                   0                   0                 263
                 196                 103                   0                   0                   0                   1                   0                   0                 260
                 193                 101                   0                   0                   0                   1                   0                   0                 258
                 192                 100                   0                   0                   0                   1                   0                   0                 256
                 196                 105                   0                   0                   0                   1                   0                   0                 256
                 197                 106                   0                   0                   0                   1                   0                   0                 278
                 198                 106                   0                   0                   0                   1                   0                   0                 285
                 194                 102                   0                   0                   0                   1                   0                   0                 242
                 195                 101                   0                   0                   0                   1                   0                   0                 230
                 194                 102                   0                   0                   0                   1                   0                   0                 259
                 197                 104                   0                   0                   0                   1                   0                   0                 315
                 196                 104                   0                   0                   0                   1                   0                   0                 262
                 192                 102                   0                   0                   0                   1                   0                   0                 261
                 195                 104                   0                   0                   0                   1                   0                   0                 259
                 199                 106                   0                   0                   0                   1                   0                   0                 259
                 193                 101                   0                   0                   0                   1                   0                   0                 292
                 193                 100                   0                   0                   0                   1                   0                   0                 290
                 194                 104                   0                   0                   0                   1                   0                   0                 278
                 198                 106                   0                   0                   0                   1                   0                   0                 286
                 193                 103                   0                   0                   0                   1                   0                   0                 259
                 191                 101                   0                   0                   0                   1                   0                   0                 236
                 193                 103                   0                   0                   0                   1                   0                   0                 356
                 195                 105                   0                   0                   0                   1                   0                   0                 236
                 194                 103                   0                   0                   0                   1                   0                   0                 247
                 200                 107                   0                   0                   0                   1                   0                   0                 355
                 189                  99                   0                   0                   0                   1                   0                   0                 256
                 196                 103                   0                   0                   0                   1                   0                   0                 264
                 189                  98                   0                   0                   0                   1                   0                   0                 245
                 198                 105                   0                   0                   0                   1                   0                   0                 270
                 203                 112                   0                   8                   0                   1                   0                   0                 261
                 192                 102                   0                   0                   0                   1                   0                   0                 258
                 193                 101                   0                   0                   0                   1                   0                   0                 255
                 190                  99                   0                   0                   0                   1                   0                   0                 248
                 192                 102                   0                   0                   0                   1                   0                   0                 268
                 196                 104                   0                   0                   0                   1                   0                   0                 282
                 195                 102                   0                   0                   0                   1                   0                   0                 281
                 194                 103                   0                   0                   0                   1                   0                   0                 279
                 192                 101                   0                   0                   0                   1                   0                   0                 263
                 194                 101                   0                   0                   0                   1                   0                   0                 266
                 194                 104                   0                   0                   0                   1                   0                   0                 266
                 194                 101                   0                   0                   0                   1                   0                   0                 246
                 192                 102                   0                   0                   0                   1                   0                   0                 256
                 191                  99                   0                   0                   0                   1                   0                   0                 243
                 195                 104                   0                   0                   0                   1                   0                   0                 267
                 193                 102                   0                   0                   0                   1                   0                   0                 233
                 190                  99                   0                   0                   0                   1                   0                   0                 254
                 190                 100                   0                   0                   0                   1                   0                   0                 252
--------------------------------
            trap-lat             sgi-lat        inst_ret_el1        inst_ret_el2              cycles
                 192                 102                  25                1324                 239
                 195                 104                  25                1324                 214
                 193                 103                  25                1324                 196
                 195                 105                  25                1324                 231
                 192                 101                  25                1324                 210
                 197                 105                  25                1324                 228
                 189                  99                  25                1324                 208
                 195                 102                  25                1324                 248
                 193                 102                  25                1324                 235
                 192                 100                  25                1324                 216
                 196                 103                  25                1324                 209
                 196                 105                  25                1324                 264
                 192                 100                  25                1324                 153
                 194                 103                  25                1324                 178
                 206                 113                  25                1324                 203
                 192                 102                  25                1324                 203
                 193                 102                  25                1324                 199
                 189                  98                  25                1324                 183
                 197                 104                  25                1324                 248
                 194                 102                  25                1324                 204
                 195                 104                  25                1324                 233
                 193                 101                  25                1324                 214
                 195                 104                  25                1324                 226
                 190                  99                  25                1324                 191
                 201                 110                  25                1324                 244
                 195                 103                  25                1324                 302
                 193                 101                  25                1324                 219
                 190                  99                  25                1324                 184
                 191                 101                  25                1324                 245
                 194                 104                  25                1324                 227
                 191                  99                  25                1324                 269
                 190                 100                  25                1324                 203
                 191                 100                  25                1324                 221
                 195                 103                  25                1324                 276
                 192                 102                  25                1324                 203
                 199                 107                  25                1324                 215
                 194                 102                  25                1324                 190
                 192                 101                  25                1324                 296
                 198                 106                  25                1324                 219
                 195                 104                  25                1324                 267
                 191                  98                  25                1324                 208
                 193                 103                  25                1324                 203
                 196                 104                  25                1324                 241
                 195                 103                  25                1324                 218
                 196                 104                  25                1324                 199
                 193                 102                  25                1324                 206
                 207                 115                  25                1324                 187
                 196                 103                  25                1324                 224
                 192                 101                  25                1324                 190
                 192                 102                  25                1324                 213
----------------------------------------TARGET----------------------------------------------------
--------------------------------
             ipi-lat       l1$i_miss_el1       l1$i_miss_el2       l1$d_miss_el1       l1$d_miss_el2       l2$d_miss_el1       l2$d_miss_el2              cycles
                 230                  13                  28                  49                   7                   0                   0                5926
                 235                  14                  24                  56                   9                   0                   0                6825
                 230                  14                  24                  59                  10                   0                   0                5915
                 230                  13                  24                  53                  13                   0                   0                5899
                 241                  13                  24                  48                   8                   0                   0                5902
                 233                  13                  25                  52                  11                   0                   0                5856
                 232                  14                  24                  47                   8                   0                   0                5858
                 232                  14                  24                  54                   9                   0                   0                5997
                 237                  14                  28                  43                  11                   0                   0                5890
                 228                  14                  28                  55                  10                   0                   0                6019
                 235                  13                  27                  46                  14                   0                   0                5842
                 237                  14                  27                  47                  10                   1                   0                5760
                 231                  14                  28                  53                  12                   0                   0                5966
                 233                  14                  24                  48                  12                   0                   0                5839
                 230                  14                  24                  49                   8                   0                   0                5921
                 236                  13                  25                  54                  11                   1                   0                5972
                 238                  14                  25                  57                  11                   0                   0                5880
                 232                  14                  25                  39                  11                   1                   0                5923
                 232                  14                  25                  52                  11                   0                   0                5883
                 232                  13                  24                  40                  10                   1                   0                5971
                 238                  14                  26                  52                  13                   0                   0                5905
                 229                  14                  27                  49                   8                   0                   0                5860
                 229                  14                  27                  50                   7                   0                   0                5867
                 227                  14                  27                  43                   7                   1                   0                5995
                 231                  14                  27                  46                  10                   0                   0                6015
                 231                  14                  24                  54                  11                   1                   0                5864
                 233                  14                  24                  58                  10                   0                   0                5936
                 230                  14                  24                  50                   9                   1                   0                5832
                 229                  14                  24                  52                   8                   0                   0                5900
                 233                  14                  25                  47                  11                   0                   0                5926
                 234                  14                  24                  51                  12                   0                   0                5897
                 234                  13                  25                  50                  12                   2                   0                5990
                 232                  14                  26                  48                  12                   0                   0                5867
                 236                  14                  27                  50                  10                   1                   0                5738
                 229                  13                  27                  45                  12                   0                   0                5875
                 232                  14                  27                  42                  12                   1                   0                5905
                 247                  14                  27                  44                  12                   0                   0                5936
                 233                  14                  24                  52                  12                   0                   0                5859
                 231                  14                  25                  53                  11                   0                   0                5778
                 233                  14                  25                  43                  14                   2                   0                5963
                 229                  14                  24                  44                   9                   0                   0                5934
                 232                  13                  24                  43                  12                   1                   0                5845
                 236                  13                  24                  57                  11                   0                   0                5952
                 230                  14                  24                  47                   9                   0                   0                5859
                 236                  14                  26                  46                  11                   0                   0                5928
                 237                  14                  27                  45                  12                   0                   0                5881
                 230                  14                  27                  50                  10                   0                   0                5987
                 232                  13                  27                  54                   8                   0                   0                5991
                 236                  14                  28                  53                  12                   0                   0                5852
                 231                  14                  24                  50                  10                   0                   0                5819
--------------------------------
             ipi-lat    tlb_il1_miss_el1    tlb_il1_miss_el2    tlb_dl1_miss_el1    tlb_dl1_miss_el2         mem_acc_el1         mem_acc_el2              cycles
                 230                   0                   0                   0                   0                1405                 105                5539
                 229                   0                   0                   0                   0                1519                 105                5790
                 229                   0                   0                   0                   0                1533                 105                5823
                 231                   0                   0                   0                   0                1519                 105                5810
                 233                   0                   0                   0                   0                1553                 105                5863
                 232                   0                   0                   0                   0                1557                 105                5889
                 229                   0                   0                   0                   0                1535                 105                5875
                 226                   0                   0                   0                   0                1568                 105                5985
                 228                   0                   0                   0                   0                1552                 105                5877
                 234                   0                   0                   0                   0                1536                 105                5861
                 224                   0                   0                   0                   0                1560                 105                5812
                 231                   0                   0                   0                   0                1545                 105                5866
                 229                   0                   0                   0                   0                1550                 105                5922
                 227                   0                   0                   0                   0                1559                 105                5868
                 233                   0                   0                   0                   0                1544                 105                5856
                 233                   0                   0                   0                   0                1498                 105                5786
                 230                   0                   0                   0                   0                1552                 105                5900
                 238                   0                   0                   0                   0                1558                 105                5962
                 249                   0                   0                   0                   0                1563                 105                5887
                 234                   0                   0                   0                   0                1554                 105                5874
                 233                   0                   0                   0                   0                1554                 105                5966
                 227                   0                   0                   0                   0                1560                 105                5970
                 228                   0                   0                   0                   0                1538                 105                5904
                 234                   0                   0                   0                   0                1567                 105                5939
                 228                   0                   0                   0                   0                1557                 105                5951
                 226                   0                   0                   0                   0                1541                 105                5839
                 230                   0                   0                   0                   0                1549                 105                5900
                 226                   0                   0                   0                   0                1542                 105                5844
                 232                   0                   0                   0                   0                1549                 105                5904
                 235                   0                   0                   0                   0                1570                 105                5969
                 229                   0                   0                   0                   0                1552                 105                5899
                 228                   0                   0                   0                   0                1555                 105                5879
                 230                   0                   0                   0                   0                1534                 105                5873
                 233                   0                   0                   0                   0                1546                 105                5861
                 230                   0                   0                   0                   0                1542                 105                5855
                 233                   0                   0                   0                   0                1559                 105                5875
                 237                   0                   0                   0                   0                1552                 105                5819
                 229                   0                   0                   0                   0                1571                 105                5958
                 233                   0                   0                   0                   0                1541                 105                5861
                 231                   0                   0                   0                   0                1566                 105                5978
                 232                   0                   0                   0                   0                1552                 105                5907
                 231                   0                   0                   0                   0                1538                 105                5857
                 228                   0                   0                   0                   0                1570                 105                5953
                 235                   0                   0                   0                   0                1538                 105                5821
                 227                   0                   0                   0                   0                1547                 105                5847
                 230                   0                   0                   0                   0                1578                 105                5989
                 228                   0                   0                   0                   0                1563                 105                5995
                 235                   0                   0                   0                   0                1553                 105                5934
                 226                   0                   0                   0                   0                1532                 105                5826
                 229                   0                   0                   0                   0                1584                 105                5996
--------------------------------
             ipi-lat         bus_acc_el1         bus_acc_el2      exceptions_el1      exceptions_el2            irqs_el1            irqs_el2              cycles
                 242                   2                   6                   1                   1                   2                   0                5356
                 234                   3                   6                   1                   1                   2                   0                5888
                 224                  10                   6                   1                   1                   2                   0                5850
                 228                   2                   6                   1                   1                   2                   0                6156
                 232                  10                   6                   1                   1                   2                   0                5907
                 230                   2                   6                   1                   1                   2                   0                5969
                 228                   6                   6                   1                   1                   2                   0                5879
                 234                   2                   6                   1                   1                   2                   0                5932
                 235                  10                   6                   1                   1                   2                   0                6014
                 234                   2                   6                   1                   1                   2                   0                5884
                 232                  10                   6                   1                   1                   2                   0                5828
                 231                   6                   6                   1                   1                   2                   0                5933
                 231                  10                   6                   1                   1                   2                   0                5855
                 234                   2                   6                   1                   1                   2                   0                5909
                 234                   6                   6                   1                   1                   2                   0                5818
                 234                   2                   6                   1                   1                   2                   0                5771
                 232                  10                   6                   1                   1                   2                   0                5870
                 239                   2                   6                   1                   1                   2                   0                5936
                 229                  10                   6                   1                   1                   2                   0                5956
                 226                   6                   6                   1                   1                   2                   0                5950
                 232                  10                   6                   1                   1                   2                   0                5880
                 233                   2                   6                   1                   1                   2                   0                5928
                 233                   6                   6                   1                   1                   2                   0                5782
                 231                   2                   6                   1                   1                   2                   0                5878
                 230                  10                   6                   1                   1                   2                   0                5872
                 236                   2                   6                   1                   1                   2                   0                5941
                 231                  10                   6                   1                   1                   2                   0                5992
                 235                   2                   6                   1                   1                   2                   0                6006
                 227                  10                   6                   1                   1                   2                   0                5871
                 230                   2                   6                   1                   1                   2                   0                5934
                 226                   6                   6                   1                   1                   2                   0                5822
                 230                   2                   6                   1                   1                   2                   0                5827
                 237                  10                   6                   1                   1                   2                   0                5915
                 233                   2                   6                   1                   1                   2                   0                5847
                 233                  10                   6                   1                   1                   2                   0                5924
                 227                   2                   6                   1                   1                   2                   0                5911
                 231                  10                   6                   1                   1                   2                   0                5949
                 233                   2                   6                   1                   1                   2                   0                5953
                 234                   6                   6                   1                   1                   2                   0                5977
                 233                   2                   6                   1                   1                   2                   0                5931
                 231                  10                   6                   1                   1                   2                   0                5868
                 230                   2                   6                   1                   1                   2                   0                5863
                 233                  10                   6                   1                   1                   2                   0                5840
                 235                   2                   6                   1                   1                   2                   0                6054
                 229                   2                   6                   1                   1                   2                   0                5953
                 229                   2                   6                   1                   1                   2                   0                5984
                 234                   2                   6                   1                   1                   2                   0                5812
                 235                   2                   6                   1                   1                   2                   0                5847
                 230                   6                   6                   1                   1                   2                   0                5945
                 229                   2                   6                   1                   1                   2                   0                5914
--------------------------------
             ipi-lat        inst_ret_el1        inst_ret_el2              cycles
                 229                5277                 236                5608
                 235                5641                 236                5939
                 234                5574                 236                5886
                 234                5622                 236                5947
                 231                5650                 236                5923
                 236                5655                 236                5929
                 228                5586                 236                5887
                 230                5574                 236                5893
                 230                5629                 236                5902
                 232                5562                 236                5808
                 232                5611                 236                5887
                 233                5589                 236                5932
                 227                5548                 236                5859
                 237                5607                 236                5885
                 245                5617                 236                5931
                 231                5617                 236                5917
                 229                5616                 236                5885
                 227                5589                 236                5890
                 233                5607                 236                5903
                 228                5589                 236                5867
                 232                5610                 236                5869
                 231                5658                 236                5920
                 233                5593                 236                5852
                 227                5583                 236                5833
                 235                5584                 236                5924
                 230                5674                 236                6016
                 233                5502                 236                5804
                 230                5589                 236                5888
                 228                5658                 236                5910
                 235                5638                 236                5876
                 228                5649                 236                5988
                 232                5529                 236                5792
                 226                5580                 236                5851
                 227                5635                 236                5897
                 231                5550                 236                5824
                 238                5583                 236                5875
                 236                5588                 236                5869
                 228                5577                 236                5856
                 239                5560                 236                5873
                 233                5619                 236                5950
                 225                5568                 236                5848
                 233                5628                 236                5869
                 232                5596                 236                5898
                 233                5523                 236                5841
                 229                5610                 236                5852
                 232                5646                 236                5897
                 245                5575                 236                5857
                 234                5601                 236                5915
                 232                5566                 236                5942
                 233                5557                 236                5928
Press 's' to start...
