--------------------------------
            trap-lat             sgi-lat       l1$i_miss_el1       l1$i_miss_el2       l1$d_miss_el1       l1$d_miss_el2       l2$d_miss_el1       l2$d_miss_el2              cycles
                1799                 916                 279                 342                  26                  22                   3                   0                9104
                1803                 927                 293                 343                  31                  31                   1                   0                9121
                1800                 928                 297                 323                  33                  34                   0                   0                9186
                1776                 914                 288                 318                  24                  25                   1                   0                9035
                1788                 914                 290                 329                  23                  25                   0                   0                9068
                1801                 920                 287                 335                  29                  34                   0                   3                9126
                1793                 928                 292                 327                  36                  33                   0                   2                9174
                1789                 918                 284                 334                  25                  31                   2                   0                9061
                1795                 922                 285                 330                  32                  28                   0                   0                9067
                1775                 914                 285                 327                  27                  30                   1                   1                9048
                1784                 914                 289                 332                  30                  32                   0                   0                9061
                1787                 920                 287                 338                  26                  30                   1                   0                9030
                1789                 916                 285                 329                  24                  30                   0                   4                8984
                1791                 918                 288                 338                  28                  21                   0                   0                9124
                1785                 916                 288                 321                  23                  29                   0                   0                9044
                1784                 913                 283                 333                  25                  33                   2                   0                8966
                1786                 917                 289                 333                  23                  25                   0                   1                9078
                1807                 928                 292                 345                  34                  28                   1                   0                9148
                1798                 910                 290                 336                  21                  25                   0                   0                9072
                1788                 918                 291                 327                  31                  31                   1                   0                9096
                1792                 920                 291                 331                  30                  28                   0                   0                9147
                1785                 914                 285                 327                  22                  23                   0                   0                9021
                1797                 929                 293                 338                  32                  30                   0                   0                9154
                1799                 921                 295                 322                  28                  30                   2                   0                9171
                1792                 918                 289                 339                  22                  29                   0                   1                8998
                1791                 922                 284                 327                  35                  37                   1                   0                9074
                1788                 918                 284                 327                  32                  27                   0                   0                9031
                1790                 921                 288                 330                  24                  28                   1                   0                9061
                1794                 919                 285                 342                  28                  27                   0                   0                9038
                1775                 918                 283                 335                  29                  29                   0                   0                9015
                1796                 909                 286                 335                  28                  32                   0                   0                9036
                1789                 922                 291                 330                  28                  28                   2                   0                9143
                1795                 921                 289                 332                  30                  26                   0                   0                9103
                1774                 909                 283                 319                  26                  24                   1                   0                9016
                1788                 922                 292                 321                  24                  29                   0                   0                9128
                1800                 921                 285                 342                  29                  35                   1                   0                9038
                1772                 915                 282                 334                  26                  30                   0                   0                8994
                1784                 920                 288                 329                  26                  28                   0                   0                9082
                1788                 920                 285                 333                  30                  37                   0                   0                9055
                1790                 913                 292                 336                  28                  25                   2                   0                9056
                1785                 919                 284                 321                  28                  33                   0                   0                9080
                1793                 915                 284                 337                  30                  38                   1                   0                9019
                1788                 924                 284                 325                  27                  32                   0                   0                9085
                1784                 922                 289                 338                  33                  27                   0                   0                9117
                1799                 928                 284                 344                  30                  32                   0                   0                9029
                1778                 925                 285                 317                  32                  33                   0                   0                9055
                1789                 924                 286                 327                  31                  33                   0                   0                9035
                1783                 919                 288                 333                  30                  25                   0                   1                9125
                1792                 926                 292                 335                  24                  31                   0                   0                9066
                1772                 914                 283                 322                  31                  25                   0                   4                9045
--------------------------------
            trap-lat             sgi-lat    tlb_il1_miss_el1    tlb_il1_miss_el2    tlb_dl1_miss_el1    tlb_dl1_miss_el2         mem_acc_el1         mem_acc_el2              cycles
                1796                 928                   0                   0                   0                   0                2309                2558                9048
                1791                 918                   0                   0                   0                   0                2310                2563                9069
                1776                 915                   0                   0                   0                   0                2309                2550                8975
                1794                 924                   0                   0                   0                   0                2309                2553                9119
                1781                 911                   0                   0                   0                   0                2309                2554                9058
                1801                 925                   0                   0                   0                   0                2308                2562                9200
                1789                 916                   0                   0                   0                   0                2309                2557                9067
                1790                 915                   0                   0                   0                   0                2309                2571                9044
                1781                 916                   0                   0                   0                   0                2309                2542                9059
                1789                 926                   0                   0                   0                   0                2309                2553                9045
                1790                 919                   0                   0                   0                   0                2309                2564                8995
                1781                 922                   0                   0                   0                   0                2309                2538                8974
                1777                 915                   0                   0                   0                   0                2309                2549                9016
                1789                 909                   0                   0                   0                   0                2309                2541                9024
                1790                 925                   0                   0                   0                   0                2309                2552                9122
                1794                 924                   0                   0                   0                   0                2309                2542                9139
                1786                 918                   0                   0                   0                   0                2309                2547                9068
                1782                 920                   0                   0                   0                   0                2309                2568                9037
                1778                 918                   0                   0                   0                   0                2310                2546                8983
                1793                 924                   0                   0                   0                   0                2310                2558                9028
                1783                 917                   0                   0                   0                   0                2310                2541                9094
                1793                 924                   0                   0                   0                   0                2309                2551                9104
                1782                 920                   0                   0                   0                   0                2309                2546                9019
                1797                 921                   0                   0                   0                   0                2310                2556                9023
                1793                 926                   0                   0                   0                   0                2309                2551                9118
                1772                 909                   0                   0                   0                   0                2308                2545                9011
                1788                 926                   0                   0                   0                   0                2308                2568                9143
                1776                 918                   0                   0                   0                   0                2309                2545                8969
                1783                 914                   0                   0                   0                   0                2309                2552                9016
                1794                 923                   0                   0                   0                   0                2308                2545                9060
                1787                 917                   0                   0                   0                   0                2308                2552                9016
                1792                 922                   0                   0                   0                   0                2309                2550                9073
                1794                 923                   0                   0                   0                   0                2309                2555                9068
                1798                 933                   0                   0                   0                   0                2308                2569                9086
                1775                 913                   0                   0                   0                   0                2307                2547                9100
                1784                 923                   0                   0                   0                   0                2309                2551                9059
                1790                 922                   0                   0                   0                   0                2308                2547                9081
                1779                 914                   0                   0                   0                   0                2308                2545                9147
                1789                 924                   0                   0                   0                   0                2307                2557                9046
                1774                 924                   0                   0                   0                   0                2308                2554                8969
                1786                 916                   0                   0                   0                   0                2308                2541                9035
                1806                 932                   0                   0                   0                   0                2308                2551                9084
                1787                 921                   0                   0                   0                   0                2308                2565                9000
                1776                 921                   0                   0                   0                   0                2308                2537                9081
                1790                 931                   0                   0                   0                   0                2308                2544                9127
                1782                 910                   0                   0                   0                   0                2308                2547                9011
                1776                 912                   0                   0                   0                   0                2308                2547                8940
                1788                 921                   0                   0                   0                   0                2309                2551                9036
                1778                 922                   0                   0                   0                   0                2308                2553                9041
                1782                 919                   0                   0                   0                   0                2308                2552                9105
--------------------------------
            trap-lat             sgi-lat         bus_acc_el1         bus_acc_el2      exceptions_el1      exceptions_el2            irqs_el1            irqs_el2              cycles
                1782                 907                   0                   1                   0                   7                   0                   0                9030
                1788                 923                   0                   1                   0                   7                   0                   0                9047
                1783                 917                   0                   1                   0                   7                   0                   0                9042
                1790                 923                   0                   1                   0                   7                   0                   0                9070
                1783                 919                   0                   1                   0                   7                   0                   0                9015
                1786                 925                   0                   1                   0                   7                   0                   0                9044
                1782                 910                   0                   1                   0                   7                   0                   0                9033
                1798                 923                   0                   1                   0                   7                   0                   0                9038
                1790                 913                   0                   1                   0                   7                   0                   0                9009
                1780                 908                   0                   1                   0                   7                   0                   0                9040
                1772                 915                   0                   1                   0                   7                   0                   0                8975
                1796                 928                   0                   1                   0                   7                   0                   0                9146
                1783                 925                   0                   1                   0                   7                   0                   0                8973
                1779                 913                   0                   1                   0                   7                   0                   0                8990
                1777                 916                   0                   1                   0                   7                   0                   0                8964
                1791                 915                   0                   1                   0                   7                   0                   0                9093
                1785                 919                   0                   1                   0                   7                   0                   0                9022
                1778                 914                   0                   1                   0                   7                   0                   0                8978
                1769                 907                   0                   1                   0                   7                   0                   0                8988
                1774                 917                   0                   1                   0                   7                   0                   0                8962
                1770                 915                   0                   1                   0                   7                   0                   0                9013
                1778                 923                   0                   1                   0                   7                   0                   0                9006
                1795                 930                   0                   9                   0                   7                   0                   0                9083
                1808                 928                   0                   1                   0                   7                   0                   0                9129
                1784                 920                   0                   1                   0                   7                   0                   0                9057
                1795                 923                   0                   1                   0                   7                   0                   0                9002
                1789                 913                   0                   1                   0                   7                   0                   0                9032
                1778                 915                   0                   1                   0                   7                   0                   0                9010
                1781                 920                   0                   1                   0                   7                   0                   0                9001
                1788                 919                   0                   1                   0                   7                   0                   0                9053
                1806                 936                   0                   1                   0                   7                   0                   0                9068
                1776                 917                   0                   1                   0                   7                   0                   0                9085
                1768                 916                   0                   1                   0                   7                   0                   0                8968
                1787                 917                   0                   1                   0                   7                   0                   0                9089
                1796                 922                   0                   1                   0                   7                   0                   0                9104
                1786                 917                   0                   1                   0                   7                   0                   0                9037
                1791                 924                   0                   1                   0                   7                   0                   0                8998
                1790                 928                   0                   1                   0                   7                   0                   0                9091
                1781                 921                   0                   1                   0                   7                   0                   0                9038
                1770                 915                   0                   1                   0                   7                   0                   0                8966
                1815                 931                   0                   1                   0                   7                   0                   0                9199
                1795                 924                   0                   1                   0                   7                   0                   0                9094
                1816                 930                   0                   1                   0                   7                   0                   0                9103
                1798                 922                   0                   1                   0                   7                   0                   0                9098
                1802                 930                   0                   1                   0                   7                   0                   0                9074
                1783                 920                   0                   1                   0                   7                   0                   0                8988
                1793                 923                   0                   1                   0                   7                   0                   0                9010
                1782                 921                   0                   1                   0                   7                   0                   0                9045
                1793                 921                   0                   1                   0                   7                   0                   0                9054
                1792                 923                   0                   1                   0                   0                   0                   0                8980
--------------------------------
            trap-lat             sgi-lat        inst_ret_el1        inst_ret_el2              cycles
                1784                 919                4561                7843                8928
                1781                 917                4561                7794                8961
                1789                 912                4561                7849                8997
                1801                 923                4562                7850                9018
                1785                 928                4561                7813                8958
                1788                 919                4562                7811                9005
                1787                 914                4562                7850                8957
                1789                 930                4561                7841                8997
                1766                 907                4561                7778                8940
                1787                 924                4561                7858                9092
                1777                 917                4561                7818                9062
                1778                 922                4561                7811                9023
                1778                 916                4561                7804                8997
                1786                 922                4561                7849                9002
                1801                 933                4561                7852                9073
                1791                 920                4561                7857                8991
                1781                 915                4561                7837                9015
                1799                 916                4561                7865                8989
                1796                 917                4562                7825                8964
                1781                 912                4562                7850                8955
                1788                 922                4562                7801                9015
                1778                 913                4562                7828                9065
                1796                 921                4562                7798                9018
                1777                 914                4562                7832                8938
                1773                 910                4562                7837                8883
                1771                 911                4562                7821                8937
                1796                 927                4562                7853                9063
                1767                 917                4562                7799                8941
                1811                 925                4562                7867                8997
                1790                 916                4562                7828                8971
                1776                 923                4562                7801                8936
                1779                 915                4562                7818                8989
                1786                 925                4562                7828                8949
                1799                 927                4562                7839                9020
                1776                 918                4562                7835                8901
                1774                 917                4562                7823                8924
                1784                 917                4561                7807                8942
                1786                 924                4561                7866                9126
                1781                 916                4561                7830                9024
                1783                 918                4561                7845                9005
                1788                 922                4561                7801                9038
                1782                 916                4561                7869                8961
                1783                 912                4561                7812                8940
                1791                 918                4561                7842                9014
                1786                 920                4561                7808                8973
                1772                 922                4561                7809                8978
                1776                 914                4561                7864                8967
                1777                 911                4561                7843                8991
                1789                 919                4561                7849                9007
                1787                 921                4561                7848                9068
----------------------------------------TARGET----------------------------------------------------
--------------------------------
             ipi-lat       l1$i_miss_el1       l1$i_miss_el2       l1$d_miss_el1       l1$d_miss_el2       l2$d_miss_el1       l2$d_miss_el2              cycles
                1151                  14                 176                 103                  60                   0                   0               13740
                1158                  14                 175                 103                  50                   0                   0               32026
                1161                  14                 181                 115                  51                   0                   0               26367
                1143                  14                 181                 102                  49                   0                   0               25998
                1147                  15                 178                 107                  58                   0                   0               26052
                1152                  14                 176                 115                  56                   0                   0               26077
                1155                  14                 180                 103                  53                   0                   0               26395
                1150                  15                 179                 127                  56                   0                   0               26252
                1152                  15                 190                 125                  58                   0                   0               26089
                1145                  14                 177                 109                  52                   0                   0               26141
                1139                  14                 176                  98                  54                   0                   0               26075
                1143                  14                 175                 101                  53                   1                   0               25929
                1139                  14                 178                 114                  59                   0                   0               25986
                1143                  14                 177                 105                  53                   0                   0               26280
                1135                  14                 176                  99                  62                   0                   0               26131
                1139                  15                 176                 104                  56                   1                   0               26434
                1141                  14                 178                 116                  50                   0                   0               26041
                1158                  15                 178                 123                  56                   1                   0               26376
                1147                  15                 181                 110                  57                   0                   0               26336
                1149                  15                 179                 108                  50                   1                   0               26351
                1151                  15                 176                 100                  56                   0                   0               26277
                1134                  15                 181                 107                  51                   0                   0               25988
                1149                  14                 178                 108                  56                   0                   0               26111
                1144                  15                 174                 108                  52                   1                   0               26490
                1149                  15                 179                  97                  51                   0                   0               26425
                1150                  14                 176                  95                  55                   1                   0               26062
                1147                  15                 177                 101                  52                   0                   0               26250
                1145                  14                 180                 108                  53                   1                   0               25703
                1146                  14                 173                  96                  57                   0                   0               26193
                1140                  14                 180                  98                  53                   0                   0               26073
                1137                  15                 178                 102                  53                   0                   0               25956
                1148                  15                 178                 122                  57                   1                   1               26591
                1149                  15                 182                 121                  56                   0                   0               26246
                1133                  14                 179                 121                  53                   1                   0               26177
                1146                  14                 177                 108                  55                   0                   0               26076
                1154                  15                 178                 127                  56                   1                   0               26170
                1133                  14                 178                 106                  52                   0                   0               26273
                1143                  15                 177                 127                  59                   0                   0               26258
                1143                  14                 176                 110                  52                   0                   0               26060
                1147                  14                 180                 116                  55                   1                   0               26100
                1148                  14                 177                 105                  54                   0                   1               26022
                1143                  14                 180                 115                  63                   1                   0               26113
                1152                  15                 175                 119                  50                   1                   3               26398
                1151                  14                 178                 121                  48                   0                   0               26064
                1154                  15                 178                  85                  54                   0                   0               25923
                1145                  14                 180                 113                  50                   0                   0               25978
                1143                  14                 179                 119                  50                   0                   0               26058
                1148                  15                 175                 117                  49                   0                   0               26225
                1146                  14                 176                 103                  53                   0                   0               25829
                1136                  15                 177                 119                  57                   0                   0               25997
--------------------------------
             ipi-lat    tlb_il1_miss_el1    tlb_il1_miss_el2    tlb_dl1_miss_el1    tlb_dl1_miss_el2         mem_acc_el1         mem_acc_el2              cycles
                1153                   0                   0                   0                   0                8274                 740               25828
                1146                   0                   0                   0                   0                8376                 740               26115
                1144                   0                   0                   0                   0                8316                 740               25944
                1153                   0                   0                   0                   0                8282                 740               25825
                1133                   0                   0                   0                   0                8354                 740               26015
                1153                   0                   0                   0                   0                8443                 740               26251
                1143                   0                   0                   0                   0                8368                 740               26062
                1147                   0                   0                   0                   0                8354                 740               26099
                1139                   0                   0                   0                   0                8332                 740               25996
                1149                   0                   0                   0                   0                8368                 740               26059
                1146                   0                   0                   0                   0                8430                 740               26358
                1138                   0                   0                   0                   0                8387                 740               26208
                1135                   0                   0                   0                   0                8333                 740               26107
                1131                   0                   0                   0                   0                8471                 740               26395
                1147                   0                   0                   0                   0                8412                 740               26210
                1148                   0                   0                   0                   0                8340                 740               26024
                1139                   0                   0                   0                   0                8432                 740               26257
                1146                   0                   0                   0                   0                8409                 740               26225
                1139                   0                   0                   0                   0                8326                 740               25933
                1148                   0                   0                   0                   0                8364                 740               26027
                1135                   0                   0                   0                   0                8404                 740               26160
                1147                   0                   0                   0                   0                8481                 740               26439
                1140                   0                   0                   0                   0                8455                 740               26367
                1151                   0                   0                   0                   0                8387                 740               26229
                1148                   0                   0                   0                   0                8444                 740               26228
                1131                   0                   0                   0                   0                8452                 740               26352
                1151                   0                   0                   0                   0                8368                 740               26074
                1139                   0                   0                   0                   0                8370                 740               26138
                1144                   0                   0                   0                   0                8362                 740               26124
                1147                   0                   0                   0                   0                8401                 740               26109
                1139                   0                   0                   0                   0                8542                 740               26675
                1150                   0                   0                   0                   0                8349                 740               25978
                1152                   0                   0                   0                   0                8378                 740               26179
                1160                   0                   0                   0                   0                8308                 740               25964
                1140                   0                   0                   0                   0                8392                 740               26191
                1152                   0                   0                   0                   0                8348                 740               26066
                1138                   0                   0                   0                   0                8326                 740               25913
                1135                   0                   0                   0                   0                8527                 740               26537
                1148                   0                   0                   0                   0                8398                 740               26156
                1151                   0                   0                   0                   0                8403                 740               26268
                1136                   0                   0                   0                   0                8312                 740               25883
                1156                   0                   0                   0                   0                8406                 740               26215
                1152                   0                   0                   0                   0                8402                 740               26157
                1142                   0                   0                   0                   0                8330                 740               26001
                1146                   0                   0                   0                   0                8370                 740               26126
                1133                   0                   0                   0                   0                8438                 740               26442
                1139                   0                   0                   0                   0                8374                 740               26146
                1146                   0                   0                   0                   0                8340                 740               26049
                1142                   0                   0                   0                   0                8377                 740               26200
                1139                   0                   0                   0                   0                8306                 740               25908
--------------------------------
             ipi-lat         bus_acc_el1         bus_acc_el2      exceptions_el1      exceptions_el2            irqs_el1            irqs_el2              cycles
                1135                   1                  12                   1                   3                   3                   1               25867
                1151                   5                  12                   1                   3                   3                   1               26255
                1136                   9                  12                   1                   3                   3                   1               26005
                1150                   1                  12                   1                   3                   3                   1               26099
                1139                   9                  12                   1                   3                   3                   1               26087
                1147                   1                  12                   1                   3                   3                   1               26072
                1134                   5                  12                   1                   3                   3                   1               25927
                1150                   1                  12                   1                   3                   3                   1               26376
                1141                   9                  12                   1                   3                   3                   1               26272
                1131                   1                  12                   1                   3                   3                   1               26030
                1132                   9                  12                   1                   3                   3                   1               26442
                1150                   1                  12                   1                   3                   3                   1               26425
                1146                   9                  12                   1                   3                   3                   1               26108
                1136                   1                  12                   1                   3                   3                   1               26038
                1139                   5                  16                   1                   3                   3                   1               26222
                1140                   1                  12                   1                   3                   3                   1               26002
                1146                   9                  12                   1                   3                   3                   1               26348
                1135                   1                  12                   1                   3                   3                   1               26233
                1127                   9                  12                   1                   3                   3                   1               26227
                1137                   1                  12                   1                   3                   3                   1               26246
                1133                   9                  12                   1                   3                   3                   1               26068
                1154                   1                  12                   1                   3                   3                   1               25926
                1151                   5                  12                   1                   3                   3                   1               26047
                1153                   1                  12                   1                   3                   3                   1               26197
                1140                   9                  12                   1                   3                   3                   1               26496
                1152                   1                  12                   1                   3                   3                   1               26079
                1132                   9                  12                   1                   3                   3                   1               26152
                1137                   1                  12                   1                   3                   3                   1               26511
                1138                   9                  12                   1                   3                   3                   1               26420
                1140                   1                  12                   1                   3                   3                   1               26203
                1158                   5                  12                   1                   3                   3                   1               26492
                1141                   1                  12                   1                   3                   3                   1               26098
                1136                   9                  12                   1                   3                   3                   1               26022
                1145                   1                  12                   1                   3                   3                   1               25882
                1145                   9                  12                   1                   3                   3                   1               26195
                1136                   1                  20                   1                   3                   3                   1               26640
                1150                   9                  12                   1                   3                   3                   1               26388
                1146                   1                  12                   1                   3                   3                   1               25963
                1149                   5                  12                   1                   3                   3                   1               26360
                1135                   1                  12                   1                   3                   3                   1               25775
                1158                   9                  12                   1                   3                   3                   1               26021
                1146                   1                  12                   1                   3                   3                   1               26271
                1157                   9                  12                   1                   3                   3                   1               26353
                1153                   1                  12                   1                   3                   3                   1               26720
                1158                   1                  12                   1                   3                   3                   1               26290
                1150                   1                  12                   1                   3                   3                   1               26180
                1141                   1                  12                   1                   3                   3                   1               25838
                1146                   1                  12                   1                   3                   3                   1               26237
                1144                   5                  12                   1                   3                   3                   1               26105
                1151                   1                  12                   1                   3                   3                   1               26134
--------------------------------
             ipi-lat        inst_ret_el1        inst_ret_el2              cycles
                1137               25666                2343               25724
                1142               26322                2343               26362
                1138               25949                2343               25946
                1151               26155                2343               26120
                1153               26240                2343               26263
                1145               25698                2343               25792
                1144               26017                2343               26070
                1154               26174                2343               26128
                1125               25886                2343               25827
                1150               26039                2345               26096
                1146               25915                2343               25946
                1147               25771                2343               25789
                1135               25880                2343               25832
                1142               25687                2343               25746
                1160               26138                2343               26085
                1149               25941                2343               25917
                1137               26030                2345               25982
                1142               26261                2343               26306
                1144               26179                2343               26130
                1132               26243                2343               26356
                1148               26296                2343               26286
                1142               25996                2343               26032
                1147               25959                2343               26009
                1137               25945                2343               25929
                1132               26013                2343               25988
                1139               26014                2345               26036
                1147               25849                2343               25884
                1140               26120                2343               26232
                1154               25780                2343               25822
                1142               26197                2343               26167
                1143               26101                2343               26070
                1133               25779                2343               25825
                1146               26162                2345               26169
                1146               26134                2343               26208
                1137               26105                2343               26106
                1140               26059                2343               26093
                1136               25769                2343               25785
                1147               26229                2343               26314
                1147               25915                2343               25989
                1137               25915                2343               25854
                1144               26244                2343               26325
                1136               26231                2345               26251
                1134               25939                2343               25855
                1150               26188                2343               26182
                1138               25921                2343               25959
                1141               26003                2343               25982
                1141               25756                2343               25776
                1137               25763                2343               25836
                1145               25828                2345               25814
                1143               26114                2343               26127
Press 's' to start...
