--------------------------------
            trap-lat             sgi-lat       l1$i_miss_el1       l1$i_miss_el2       l1$d_miss_el1       l1$d_miss_el2       l2$d_miss_el1       l2$d_miss_el2              cycles
                 302                 187                   6                 141                   8                  29                   3                   0                 390
                 301                 187                   5                 142                   5                  32                   1                   0                 264
                 293                 181                   6                 140                   7                  20                   0                   0                 285
                 297                 184                   6                 143                   6                  30                   1                   0                 264
                 306                 192                   6                 142                   7                  34                   0                   0                 286
                 296                 184                   6                 142                   7                  26                   0                   0                 275
                 295                 184                   6                 143                   4                  31                   0                   0                 238
                 299                 185                   6                 142                   7                  22                   1                   0                 274
                 290                 181                   6                 142                   4                  17                   0                   0                 250
                 300                 185                   6                 142                   6                  29                   1                   0                 257
                 303                 188                   6                 142                   6                  34                   0                   0                 246
                 298                 185                   6                 143                   6                  35                   1                   0                 251
                 296                 185                   6                 141                   7                  34                   0                   0                 279
                 299                 186                   6                 142                   7                  26                   0                   0                 297
                 292                 180                   6                 142                   5                  27                   0                   0                 253
                 303                 186                   6                 142                   6                  36                   1                   5                 283
                 294                 181                   6                 140                   5                  26                   0                   1                 254
                 301                 186                   6                 141                   6                  30                   1                   0                 273
                 306                 193                   6                 142                   7                  31                   0                   1                 271
                 300                 184                   6                 142                   7                  30                   1                   1                 266
                 300                 187                   6                 142                   6                  26                   0                   0                 263
                 294                 182                   6                 144                   6                  29                   0                   0                 256
                 299                 187                   6                 142                   7                  34                   0                   1                 279
                 300                 188                   6                 142                   7                  32                   1                   0                 278
                 303                 190                   6                 143                   5                  34                   0                   1                 262
                 296                 185                   6                 143                   5                  24                   1                   0                 264
                 296                 184                   6                 142                   6                  21                   0                   0                 255
                 299                 189                   6                 142                   7                  26                   1                   0                 280
                 296                 183                   6                 142                   8                  30                   0                   0                 289
                 301                 187                   6                 142                   7                  27                   0                   0                 281
                 294                 184                   6                 142                   5                  26                   0                   0                 237
                 298                 184                   6                 142                   5                  27                   1                   0                 239
                 295                 181                   6                 144                   5                  25                   0                   0                 249
                 297                 182                   6                 141                   5                  32                   1                   0                 235
                 301                 190                   6                 142                   8                  33                   0                   0                 289
                 299                 184                   6                 140                   7                  33                   1                   0                 269
                 300                 186                   6                 142                   6                  31                   0                   0                 267
                 297                 180                   6                 142                   5                  25                   0                   0                 258
                 307                 190                   6                 142                   6                  40                   0                   0                 265
                 295                 185                   6                 142                   7                  28                   1                   0                 263
                 299                 184                   6                 140                   6                  29                   0                   0                 261
                 299                 182                   6                 140                   4                  33                   1                   0                 251
                 305                 190                   6                 141                   6                  32                   0                   0                 263
                 297                 184                   6                 142                   6                  23                   0                   0                 256
                 298                 185                   6                 143                   8                  29                   0                   0                 289
                 296                 183                   6                 142                   6                  26                   0                   0                 254
                 296                 183                   6                 142                   6                  23                   0                   0                 257
                 304                 185                   6                 142                   7                  27                   0                   0                 276
                 296                 181                   6                 140                   6                  29                   0                   0                 265
                 304                 188                   6                 142                   6                  38                   0                   0                 278
--------------------------------
            trap-lat             sgi-lat    tlb_il1_miss_el1    tlb_il1_miss_el2    tlb_dl1_miss_el1    tlb_dl1_miss_el2         mem_acc_el1         mem_acc_el2              cycles
                 301                 185                   0                   0                   0                   0                  20                 443                 301
                 299                 184                   0                   0                   0                   0                  20                 443                 248
                 303                 190                   0                   0                   0                   0                  20                 443                 286
                 294                 182                   0                   0                   0                   0                  20                 443                 222
                 293                 181                   0                   0                   0                   0                  20                 443                 261
                 300                 187                   0                   0                   0                   0                  20                 443                 270
                 300                 185                   0                   0                   0                   0                  20                 443                 248
                 295                 183                   0                   0                   0                   0                  20                 443                 237
                 299                 186                   0                   0                   0                   0                  20                 443                 269
                 297                 184                   0                   0                   0                   0                  20                 443                 238
                 294                 181                   0                   0                   0                   0                  20                 443                 278
                 295                 182                   0                   0                   0                   0                  20                 443                 232
                 300                 185                   0                   0                   0                   0                  20                 443                 285
                 294                 182                   0                   0                   0                   0                  20                 443                 251
                 296                 183                   0                   0                   0                   0                  20                 443                 261
                 297                 185                   0                   0                   0                   0                  20                 443                 248
                 301                 189                   0                   0                   0                   0                  20                 443                 274
                 297                 184                   0                   0                   0                   0                  20                 443                 278
                 300                 185                   0                   0                   0                   0                  20                 443                 244
                 296                 185                   0                   0                   0                   0                  20                 443                 246
                 297                 183                   0                   0                   0                   0                  20                 443                 249
                 298                 186                   0                   0                   0                   0                  20                 443                 272
                 295                 182                   0                   0                   0                   0                  20                 443                 223
                 298                 184                   0                   0                   0                   0                  20                 443                 277
                 294                 180                   0                   0                   0                   0                  20                 443                 279
                 294                 178                   0                   0                   0                   0                  20                 443                 222
                 294                 183                   0                   0                   0                   0                  20                 443                 258
                 297                 185                   0                   0                   0                   0                  20                 443                 272
                 301                 189                   0                   0                   0                   0                  20                 443                 289
                 298                 182                   0                   0                   0                   0                  20                 443                 234
                 300                 186                   0                   0                   0                   0                  20                 443                 284
                 297                 185                   0                   0                   0                   0                  20                 443                 259
                 296                 183                   0                   0                   0                   0                  20                 443                 251
                 295                 184                   0                   0                   0                   0                  20                 443                 250
                 298                 185                   0                   0                   0                   0                  20                 443                 246
                 298                 184                   0                   0                   0                   0                  20                 443                 261
                 300                 188                   0                   0                   0                   0                  20                 443                 249
                 297                 184                   0                   0                   0                   0                  20                 443                 274
                 296                 183                   0                   0                   0                   0                  20                 443                 240
                 297                 182                   0                   0                   0                   0                  20                 443                 262
                 299                 186                   0                   0                   0                   0                  20                 443                 231
                 301                 189                   0                   0                   0                   0                  20                 443                 281
                 295                 184                   0                   0                   0                   0                  20                 443                 273
                 304                 190                   0                   0                   0                   0                  20                 443                 273
                 297                 183                   0                   0                   0                   0                  20                 443                 257
                 303                 188                   0                   0                   0                   0                  20                 443                 256
                 303                 190                   0                   0                   0                   0                  20                 443                 286
                 295                 183                   0                   0                   0                   0                  20                 443                 269
                 301                 189                   0                   0                   0                   0                  20                 443                 270
                 292                 180                   0                   0                   0                   0                  20                 443                 209
--------------------------------
            trap-lat             sgi-lat         bus_acc_el1         bus_acc_el2      exceptions_el1      exceptions_el2            irqs_el1            irqs_el2              cycles
                 295                 182                   0                   3                   0                   1                   0                   0                 250
                 302                 188                   0                  12                   0                   1                   0                   0                 301
                 301                 187                   0                   4                   0                   1                   0                   0                 285
                 296                 182                   0                   4                   0                   1                   0                   0                 253
                 295                 184                   0                   4                   0                   1                   0                   0                 234
                 296                 183                   0                   4                   0                   1                   0                   0                 264
                 301                 186                   0                   4                   0                   1                   0                   0                 275
                 294                 182                   0                   4                   0                   1                   0                   0                 241
                 293                 182                   0                   4                   0                   1                   0                   0                 238
                 297                 185                   0                   4                   0                   1                   0                   0                 261
                 302                 187                   0                   4                   0                   1                   0                   0                 265
                 299                 184                   0                   4                   0                   1                   0                   0                 273
                 294                 183                   0                   4                   0                   1                   0                   0                 268
                 302                 189                   0                   8                   0                   1                   0                   0                 276
                 300                 186                   0                   4                   0                   1                   0                   0                 289
                 297                 184                   0                   4                   0                   1                   0                   0                 290
                 301                 186                   0                   4                   0                   1                   0                   0                 261
                 295                 183                   0                   8                   0                   1                   0                   0                 263
                 299                 188                   0                   4                   0                   1                   0                   0                 261
                 301                 185                   0                   8                   0                   1                   0                   0                 263
                 299                 188                   0                   4                   0                   1                   0                   0                 276
                 303                 190                   0                   8                   0                   1                   0                   0                 252
                 295                 184                   0                   4                   0                   1                   0                   0                 259
                 301                 186                   0                   4                   0                   1                   0                   0                 288
                 300                 186                   0                   4                   0                   1                   0                   0                 276
                 300                 186                   0                   4                   0                   1                   0                   0                 253
                 294                 183                   0                   4                   0                   1                   0                   0                 278
                 304                 189                   0                   4                   0                   1                   0                   0                 279
                 298                 184                   0                   4                   0                   1                   0                   0                 284
                 298                 185                   0                   4                   0                   1                   0                   0                 283
                 293                 180                   0                   4                   0                   1                   0                   0                 250
                 298                 186                   0                   4                   0                   1                   0                   0                 276
                 293                 180                   0                   4                   0                   1                   0                   0                 223
                 298                 184                   0                   4                   0                   1                   0                   0                 251
                 294                 184                   0                   4                   0                   1                   0                   0                 241
                 295                 185                   0                   4                   0                   1                   0                   0                 277
                 302                 189                   0                   4                   0                   1                   0                   0                 275
                 299                 187                   0                   8                   0                   1                   0                   0                 262
                 299                 186                   0                   4                   0                   1                   0                   0                 264
                 301                 185                   0                   4                   0                   1                   0                   0                 290
                 299                 185                   0                   4                   0                   1                   0                   0                 263
                 296                 185                   0                   8                   0                   1                   0                   0                 290
                 301                 185                   0                   4                   0                   1                   0                   0                 278
                 301                 187                   0                   4                   0                   1                   0                   0                 263
                 298                 185                   0                   4                   0                   1                   0                   0                 245
                 296                 187                   0                   4                   0                   1                   0                   0                 271
                 293                 182                   0                   8                   0                   1                   0                   0                 246
                 297                 186                   0                   4                   0                   1                   0                   0                 259
                 298                 185                   0                   4                   0                   1                   0                   0                 250
                 297                 184                   0                   4                   0                   1                   0                   0                 246
--------------------------------
            trap-lat             sgi-lat        inst_ret_el1        inst_ret_el2              cycles
                 299                 186                  25                1266                 255
                 301                 188                  25                1266                 243
                 302                 187                  25                1266                 247
                 296                 183                  25                1266                 225
                 304                 189                  25                1266                 224
                 295                 184                  25                1266                 211
                 297                 185                  25                1266                 218
                 294                 178                  25                1266                 170
                 295                 182                  25                1266                 206
                 297                 186                  25                1266                 224
                 301                 187                  25                1266                 209
                 295                 185                  25                1266                 228
                 299                 188                  25                1266                 209
                 294                 184                  25                1266                 200
                 300                 188                  25                1266                 212
                 295                 181                  25                1266                 199
                 297                 183                  25                1266                 195
                 297                 182                  25                1266                 225
                 295                 183                  25                1266                 223
                 296                 184                  25                1266                 232
                 299                 184                  25                1266                 224
                 297                 184                  25                1266                 237
                 298                 183                  25                1266                 198
                 301                 187                  25                1266                 197
                 297                 186                  25                1266                 212
                 297                 185                  25                1266                 199
                 295                 182                  25                1266                 200
                 298                 186                  25                1266                 200
                 297                 184                  25                1266                 185
                 297                 185                  25                1266                 239
                 300                 185                  25                1266                 195
                 301                 186                  25                1266                 216
                 302                 189                  25                1266                 220
                 295                 182                  25                1266                 219
                 299                 185                  25                1266                 204
                 296                 183                  25                1266                 198
                 297                 187                  25                1266                 185
                 299                 187                  25                1266                 237
                 298                 183                  25                1266                 188
                 298                 183                  25                1266                 200
                 300                 185                  25                1266                 222
                 303                 187                  25                1266                 210
                 300                 188                  25                1266                 228
                 296                 182                  25                1266                 189
                 296                 184                  25                1266                 200
                 298                 181                  25                1266                 216
                 299                 184                  25                1266                 223
                 296                 182                  25                1266                 197
                 303                 187                  25                1266                 208
                 294                 183                  25                1266                 224
----------------------------------------TARGET----------------------------------------------------
--------------------------------
             ipi-lat       l1$i_miss_el1       l1$i_miss_el2       l1$d_miss_el1       l1$d_miss_el2       l2$d_miss_el1       l2$d_miss_el2              cycles
                 478                  17                 104                  61                  13                   0                   0                5892
                 482                  18                 105                  64                  13                   0                   0                6317
                 472                  18                 102                  76                  14                   0                   0                6002
                 481                  17                 105                  73                  18                   0                   0                5996
                 484                  16                 104                  55                  14                   0                   0                5933
                 481                  17                 104                  68                  15                   0                   0                6027
                 481                  16                 105                  61                  16                   0                   0                6019
                 484                  16                 104                  72                  20                   0                   0                6014
                 472                  17                 105                  61                  14                   0                   0                5915
                 483                  17                 105                  79                  18                   0                   0                6101
                 484                  18                 104                  81                  19                   0                   0                6010
                 477                  17                 104                  76                  12                   1                   0                5940
                 480                  17                 105                  63                  15                   0                   0                5935
                 480                  17                 104                  67                  14                   0                   0                5940
                 476                  17                 104                  71                  15                   0                   0                5991
                 483                  17                 106                  58                  20                   1                   0                5942
                 478                  17                 105                  63                  16                   0                   0                5974
                 481                  17                 106                  65                  15                   1                   0                5962
                 486                  17                 106                  65                  16                   0                   0                6034
                 482                  17                 106                  70                  11                   1                   0                5996
                 486                  16                 107                  67                  24                   0                   0                5901
                 476                  18                 106                  61                  12                   0                   0                5937
                 481                  17                 106                  68                  12                   0                   0                6099
                 487                  17                 106                  73                  18                   1                   0                5961
                 488                  17                 105                  68                  21                   0                   0                5955
                 479                  17                 106                  73                  16                   1                   0                5980
                 476                  17                 105                  73                  16                   0                   0                5944
                 484                  17                 105                  63                  18                   1                   0                6033
                 478                  17                 106                  62                  16                   0                   0                5937
                 486                  17                 106                  70                  21                   0                   0                5943
                 477                  17                 106                  64                  12                   0                   0                5896
                 479                  17                 106                  70                  16                   1                   0                6014
                 479                  17                 105                  69                  21                   0                   0                6024
                 474                  16                 104                  65                  16                   1                   0                5894
                 482                  17                 105                  69                  14                   0                   0                5910
                 480                  17                 106                  71                  17                   1                   0                6073
                 478                  16                 104                  62                  10                   0                   0                6109
                 476                  17                 105                  62                  17                   0                   0                5968
                 487                  17                 106                  65                  15                   0                   0                6022
                 479                  16                 104                  68                  14                   1                   0                6071
                 476                  17                 104                  72                  15                   0                   0                5980
                 476                  17                 106                  73                  16                   1                   0                5944
                 488                  17                 105                  66                  18                   0                   0                5954
                 475                  17                 104                  66                  18                   0                   0                5921
                 478                  17                 103                  62                  20                   0                   0                5959
                 482                  16                 105                  59                  18                   0                   0                5970
                 478                  17                 105                  68                  18                   0                   0                5987
                 478                  17                 104                  60                  18                   0                   0                5917
                 474                  17                 104                  50                  12                   0                   0                5866
                 484                  17                 105                  61                  17                   0                   0                6029
--------------------------------
             ipi-lat    tlb_il1_miss_el1    tlb_il1_miss_el2    tlb_dl1_miss_el1    tlb_dl1_miss_el2         mem_acc_el1         mem_acc_el2              cycles
                 479                   0                   0                   0                   0                1388                 312                5515
                 478                   0                   0                   0                   0                1405                 312                5939
                 482                   0                   0                   0                   0                1398                 312                6022
                 473                   0                   0                   0                   0                1391                 312                5991
                 473                   0                   0                   0                   0                1382                 312                5898
                 484                   0                   0                   0                   0                1391                 312                5969
                 480                   0                   0                   0                   0                1398                 312                5940
                 477                   0                   0                   0                   0                1384                 312                5899
                 481                   0                   0                   0                   0                1378                 312                5988
                 481                   0                   0                   0                   0                1427                 312                6057
                 476                   0                   0                   0                   0                1401                 312                6030
                 477                   0                   0                   0                   0                1412                 312                6095
                 481                   0                   0                   0                   0                1391                 312                5990
                 480                   0                   0                   0                   0                1413                 312                6079
                 477                   0                   0                   0                   0                1398                 312                5966
                 475                   0                   0                   0                   0                1394                 312                5991
                 487                   0                   0                   0                   0                1382                 312                6037
                 486                   0                   0                   0                   0                1388                 312                6023
                 479                   0                   0                   0                   0                1390                 312                6019
                 480                   0                   0                   0                   0                1375                 312                5945
                 474                   0                   0                   0                   0                1379                 312                5902
                 482                   0                   0                   0                   0                1389                 312                6007
                 480                   0                   0                   0                   0                1381                 312                5905
                 486                   0                   0                   0                   0                1398                 312                6070
                 477                   0                   0                   0                   0                1409                 312                6036
                 477                   0                   0                   0                   0                1373                 312                5950
                 476                   0                   0                   0                   0                1408                 312                5902
                 477                   0                   0                   0                   0                1410                 312                6036
                 486                   0                   0                   0                   0                1383                 312                5901
                 473                   0                   0                   0                   0                1412                 312                6129
                 482                   0                   0                   0                   0                1404                 312                6011
                 486                   0                   0                   0                   0                1409                 312                5987
                 477                   0                   0                   0                   0                1391                 312                5962
                 473                   0                   0                   0                   0                1373                 312                5917
                 479                   0                   0                   0                   0                1417                 312                6000
                 482                   0                   0                   0                   0                1362                 312                5905
                 481                   0                   0                   0                   0                1408                 312                5947
                 480                   0                   0                   0                   0                1398                 312                5975
                 475                   0                   0                   0                   0                1419                 312                6080
                 477                   0                   0                   0                   0                1389                 312                5981
                 480                   0                   0                   0                   0                1397                 312                5984
                 484                   0                   0                   0                   0                1372                 312                5874
                 479                   0                   0                   0                   0                1410                 312                6017
                 489                   0                   0                   0                   0                1396                 312                6001
                 477                   0                   0                   0                   0                1373                 312                5927
                 481                   0                   0                   0                   0                1400                 312                6011
                 482                   0                   0                   0                   0                1398                 312                6024
                 475                   0                   0                   0                   0                1394                 312                5972
                 486                   0                   0                   0                   0                1362                 312                5864
                 474                   0                   0                   0                   0                1407                 312                5979
--------------------------------
             ipi-lat         bus_acc_el1         bus_acc_el2      exceptions_el1      exceptions_el2            irqs_el1            irqs_el2              cycles
                 475                   2                   5                   1                   1                   2                   0                5541
                 481                   2                   5                   1                   1                   2                   0                5904
                 479                   6                   5                   1                   1                   2                   0                5965
                 475                   2                   5                   1                   1                   2                   0                5892
                 476                  10                   5                   1                   1                   2                   0                5924
                 482                   2                   5                   1                   1                   2                   0                6004
                 483                   6                   5                   1                   1                   2                   0                5963
                 474                   2                   5                   1                   1                   2                   0                5909
                 473                   9                   5                   1                   1                   2                   0                5938
                 480                   2                   5                   1                   1                   2                   0                5895
                 483                  10                   5                   1                   1                   2                   0                6070
                 475                   2                   5                   1                   1                   2                   0                5908
                 483                  10                   5                   1                   1                   2                   0                6086
                 485                   2                   5                   1                   1                   2                   0                6051
                 481                   6                   5                   1                   1                   2                   0                5910
                 478                   2                   5                   1                   1                   2                   0                5939
                 488                  10                   5                   1                   1                   2                   0                6027
                 475                   2                   5                   1                   1                   2                   0                5993
                 483                  10                   5                   1                   1                   2                   0                5986
                 480                   2                   5                   1                   1                   2                   0                6008
                 481                  10                   5                   1                   1                   2                   0                5917
                 482                   2                   5                   1                   1                   2                   0                5962
                 477                   6                   5                   1                   1                   2                   0                5974
                 486                   2                   5                   1                   1                   2                   0                5992
                 480                  10                   5                   1                   1                   2                   0                5930
                 483                   2                   5                   1                   1                   2                   0                5926
                 479                  10                   5                   1                   1                   2                   0                5919
                 486                   2                   5                   1                   1                   2                   0                5924
                 484                  10                   5                   1                   1                   2                   0                6002
                 479                   2                   5                   1                   1                   2                   0                5987
                 471                   6                   5                   1                   1                   2                   0                6059
                 479                   2                   5                   1                   1                   2                   0                6045
                 477                  10                   5                   1                   1                   2                   0                5990
                 483                   2                   5                   1                   1                   2                   0                5899
                 475                  10                   5                   1                   1                   2                   0                5988
                 476                   2                   5                   1                   1                   2                   0                6025
                 480                  10                   5                   1                   1                   2                   0                5931
                 480                   2                   5                   1                   1                   2                   0                5903
                 481                   6                   5                   1                   1                   2                   0                6080
                 478                   2                   5                   1                   1                   2                   0                5985
                 479                  10                   5                   1                   1                   2                   0                5964
                 480                   2                   5                   1                   1                   2                   0                5939
                 484                  10                   5                   1                   1                   2                   0                6039
                 485                   2                   5                   1                   1                   2                   0                6071
                 476                   2                   5                   1                   1                   2                   0                6049
                 483                   2                   5                   1                   1                   2                   0                6046
                 483                   2                   5                   1                   1                   2                   0                6033
                 484                   2                   5                   1                   1                   2                   0                5989
                 477                   6                   5                   1                   1                   2                   0                5916
                 476                   2                   5                   1                   1                   2                   0                5905
--------------------------------
             ipi-lat        inst_ret_el1        inst_ret_el2              cycles
                 481                5059                 915                5654
                 484                5073                 915                6007
                 481                5122                 915                6094
                 477                5107                 915                6063
                 486                5112                 915                6040
                 477                5112                 915                5950
                 476                5071                 915                5955
                 479                5058                 915                5979
                 474                5067                 915                5949
                 478                5093                 915                5975
                 482                5055                 915                5947
                 474                5121                 915                5961
                 481                5122                 915                5968
                 483                5097                 915                5991
                 481                5069                 915                5948
                 479                5035                 915                5920
                 479                5145                 915                5957
                 481                5115                 915                5965
                 475                5109                 915                5974
                 478                5113                 915                5994
                 477                5081                 915                5962
                 473                5032                 915                5899
                 478                5080                 915                5926
                 482                5061                 915                5922
                 480                5032                 915                5939
                 479                5069                 915                5945
                 478                5040                 915                5914
                 484                5083                 915                5969
                 481                5046                 915                5897
                 476                5001                 915                5947
                 478                5037                 915                5895
                 482                5130                 915                5952
                 488                5062                 915                5924
                 476                5046                 915                5939
                 480                4990                 915                5872
                 478                5049                 915                5955
                 481                5139                 915                5963
                 485                5071                 915                5940
                 477                5056                 915                5972
                 479                5106                 915                5964
                 477                5086                 915                5993
                 480                5076                 915                5984
                 485                5022                 915                5869
                 477                4989                 915                5804
                 482                5119                 915                6025
                 477                5074                 915                5903
                 481                5041                 915                5893
                 480                5106                 915                6002
                 486                5059                 915                6007
                 479                5128                 915                6078
Press 's' to start...
