--------------------------------
              irqlat          irqlat-end       l1$i_miss_el1       l1$i_miss_el2       l1$d_miss_el1       l1$d_miss_el2       l2$d_miss_el1       l2$d_miss_el2              cycles
                 231                 244                   9                   0               28289                   0                 536                   0            12002697
                 182                 216                  13                   0               12154                   0                  24                   0            12004050
                 164                 204                  13                   0               12110                   0                  23                   0            12003549
                 162                 197                  12                   0               18334                   0                  24                   0            12003988
                 147                 175                  13                   0               18364                   0                  25                   0            12003124
                 222                 262                  12                   0               36509                   0                  26                   0            12004585
                 147                 173                  12                   0               21902                   0                  24                   0            12003823
                 185                 216                  13                   0               18241                   0                  25                   0            12003650
                 207                 253                  12                   0               58508                   0                  24                   0            12004394
                 197                 208                  13                   0               18218                   0                  25                   0            12003032
                 192                 230                  13                   0               18261                   0                  24                   0            12003972
                 211                 252                  13                   0               12169                   0                  24                   0            12004427
                 172                 185                  13                   0               58075                   0                  22                   0            12003342
                 160                 195                  12                   0               18330                   0                  25                   0            12003770
                 197                 233                  12                   0               12190                   0                  24                   0            12004036
                 166                 202                  12                   0               12166                   0                  25                   0            12004308
                 134                 150                  12                   0               18253                   0                  25                   0            12003445
                 219                 258                  13                   0               18419                   0                  26                   0            12004557
                 152                 182                  13                   0               18381                   0                  25                   0            12003193
                 244                 282                  13                   0               22086                   0                  24                   0            12005250
                 149                 184                  13                   0               65664                   0                  23                   0            12003149
                 195                 233                  13                   0               18378                   0                  30                   0            12003672
                 156                 194                  14                   0               12245                   0                  28                   0            12002705
                 136                 148                  14                   0               18271                   0                  31                   0            12003229
                 143                 180                  13                   0               43725                   0                  28                   0            12003748
                 181                 215                  13                   0               12230                   0                  28                   0            12003721
                 171                 202                  13                   0               18214                   0                  25                   0            12003754
                 174                 204                  13                   0               18354                   0                  24                   0            12003797
                 168                 204                  13                   0               18293                   0                  24                   0            12003371
                 172                 207                  13                   0               12209                   0                  25                   0            12003677
                 177                 211                  13                   0               12200                   0                  25                   0            12004167
                 176                 215                  13                   0               18233                   0                  25                   0            12003988
                 176                 203                  13                   0               12168                   0                  25                   0            12003513
                 201                 234                  12                   0               18574                   0                  25                   0            12004258
                 179                 214                  13                   0               18280                   0                  24                   0            12003794
                 154                 183                  13                   0               12209                   0                  25                   0            12003323
                 198                 235                  12                   0               12168                   0                  25                   0            12003922
                 196                 212                  12                   0               12180                   0                  24                   0            12003629
                 154                 184                  12                   0               27362                   0                  24                   0            12003716
                 191                 240                  13                   0               18272                   0                  25                   0            12004578
                 164                 193                  13                   0               57907                   0                  21                   0            12003830
                 234                 255                  13                   0               18314                   0                  25                   0            12004507
                 131                 163                  12                   0               24526                   0                  24                   0            12003001
                 150                 177                  12                   0               20059                   0                  26                   0            12003375
                 206                 219                  12                   0               29199                   0                  24                   0            12004155
                 159                 192                  12                   0               18300                   0                  24                   0            12003504
                 233                 248                  12                   0               12154                   0                  23                   0            12004925
                 240                 276                  13                   0               16468                   0                  25                   0            12004961
                 157                 189                  13                   0               12177                   0                  24                   0            12003351
                 127                 162                  12                   0               18260                   0                  23                   0            12002994
--------------------------------
              irqlat          irqlat-end    tlb_il1_miss_el1    tlb_il1_miss_el2    tlb_dl1_miss_el1    tlb_dl1_miss_el2         mem_acc_el1         mem_acc_el2              cycles
                 160                 172                   0                   0                   0                   0             3722376                   0            12001841
                 237                 271                   0                   0                   0                   0             3724067                   0            12004501
                 178                 211                   0                   0                   0                   0             3722775                   0            12003624
                 156                 193                   0                   0                   0                   0             3722618                   0            12003286
                 229                 266                   0                   0                   0                   0             3753738                   0            12004658
                 146                 181                   0                   0                   0                   0             3762760                   0            12003685
                 171                 202                   0                   0                   0                   0             3708758                   0            12003266
                 163                 196                   0                   0                   0                   0             3728592                   0            12004048
                 165                 199                   0                   0                   0                   0             3722648                   0            12004020
                 238                 276                   0                   0                   0                   0             3744097                   0            12004907
                 165                 203                   0                   0                   0                   0             3754583                   0            12003559
                 266                 332                   0                   0                   0                   0             3724784                   0            12005360
                 124                 153                   0                   0                   0                   0             3735484                   0            12003014
                 174                 212                   0                   0                   0                   0             3754571                   0            12003684
                 162                 194                   0                   0                   0                   0             3728980                   0            12003933
                 207                 244                   0                   0                   0                   0             3761040                   0            12004855
                 179                 213                   0                   0                   0                   0             3721271                   0            12003691
                 175                 205                   0                   0                   0                   0             3729539                   0            12003805
                 229                 253                   0                   0                   0                   0             3757554                   0            12003983
                 137                 164                   0                   0                   0                   0             3726621                   0            12003049
                 198                 235                   0                   0                   0                   0             3758225                   0            12005266
                 206                 243                   0                   0                   0                   0             3759415                   0            12004440
                 168                 203                   0                   0                   0                   0             3734180                   0            12003385
                 161                 193                   0                   0                   0                   0             3732910                   0            12003368
                 207                 240                   0                   0                   0                   0             3753171                   0            12003616
                 147                 181                   0                   0                   0                   0             3750365                   0            12003064
                 181                 212                   0                   0                   0                   0             3732781                   0            12003714
                 205                 238                   0                   0                   0                   0             3668439                   0            12004265
                 167                 194                   0                   0                   0                   0             3729866                   0            12003638
                 180                 219                   0                   0                   0                   0             3724350                   0            12003715
                 178                 211                   0                   0                   0                   0             3724441                   0            12003904
                 182                 238                   0                   0                   0                   0             3723325                   0            12004105
                 158                 192                   0                   0                   0                   0             3756516                   0            12003034
                 172                 199                   0                   0                   0                   0             3730403                   0            12003755
                 196                 211                   0                   0                   0                   0             3724278                   0            12003963
                 174                 202                   0                   0                   0                   0             3725464                   0            12003467
                 239                 274                   0                   0                   0                   0             3743936                   0            12004432
                 191                 218                   0                   0                   0                   0             3719646                   0            12003682
                 174                 203                   0                   0                   0                   0             3726187                   0            12003833
                 199                 230                   0                   0                   0                   0             3751356                   0            12004000
                 222                 256                   0                   0                   0                   0             3733103                   0            12003568
                 191                 227                   0                   0                   0                   0             3722635                   0            12003643
                 183                 220                   0                   0                   0                   0             3727387                   0            12003661
                 155                 184                   0                   0                   0                   0             3742394                   0            12003309
                 180                 215                   0                   0                   0                   0             3736388                   0            12003542
                 146                 181                   0                   0                   0                   0             3726470                   0            12003390
                 152                 183                   0                   0                   0                   0             3734422                   0            12003216
                 176                 210                   0                   0                   0                   0             3742201                   0            12003797
                 194                 226                   0                   0                   0                   0             3728329                   0            12003817
                 187                 224                   0                   0                   0                   0             3739717                   0            12003691
--------------------------------
              irqlat          irqlat-end         bus_acc_el1         bus_acc_el2      exceptions_el1      exceptions_el2            irqs_el1            irqs_el2              cycles
                 148                 177               12313                   0                   1                   0                   1                   0            12002310
                 161                 216                4837                   0                   1                   0                   1                   0            12003709
                 201                 232                2221                   0                   1                   0                   1                   0            12003956
                 161                 195                9728                   0                   1                   0                   1                   0            12003524
                 195                 229               25069                   0                   1                   0                   1                   0            12004416
                 213                 250               21265                   0                   1                   0                   1                   0            12003486
                 167                 193               24301                   0                   1                   0                   1                   0            12003529
                 183                 221               32085                   0                   1                   0                   1                   0            12004093
                 178                 209               26216                   0                   1                   0                   1                   0            12003950
                 163                 202               11944                   0                   1                   0                   1                   0            12003486
                 169                 204                3049                   0                   1                   0                   1                   0            12003563
                 176                 212                1936                   0                   1                   0                   1                   0            12004347
                 176                 204                2288                   0                   1                   0                   1                   0            12003730
                 155                 180                1848                   0                   1                   0                   1                   0            12002974
                 153                 187                2243                   0                   1                   0                   1                   0            12003042
                 174                 228               10297                   0                   1                   0                   1                   0            12003865
                 145                 177               24337                   0                   1                   0                   1                   0            12003294
                 235                 275               23149                   0                   1                   0                   1                   0            12004807
                 176                 208               35859                   0                   1                   0                   1                   0            12003767
                 186                 203               31025                   0                   1                   0                   1                   0            12003872
                 197                 233               34258                   0                   1                   0                   1                   0            12003337
                 159                 192               10160                   0                   1                   0                   1                   0            12002662
                 155                 232                9953                   0                   1                   0                   1                   0            12003969
                 151                 179                6476                   0                   1                   0                   1                   0            12002956
                 211                 229                9660                   0                   1                   0                   1                   0            12004409
                 171                 227               21865                   0                   1                   0                   1                   0            12004077
                 240                 279               22666                   0                   1                   0                   1                   0            12004559
                 170                 192               36525                   0                   1                   0                   1                   0            12003551
                 163                 195               52261                   0                   1                   0                   1                   0            12003405
                 198                 230               37386                   0                   1                   0                   1                   0            12004065
                 130                 162               30161                   0                   1                   0                   1                   0            12003144
                 191                 225               31133                   0                   1                   0                   1                   0            12003889
                 183                 264               51467                   0                   1                   0                   1                   0            12004151
                 197                 253               46813                   0                   1                   0                   1                   0            12004472
                 145                 172               45516                   0                   1                   0                   1                   0            12002667
                 182                 222               46280                   0                   1                   0                   1                   0            12004635
                 162                 199               22605                   0                   1                   0                   1                   0            12003318
                 176                 213               12302                   0                   1                   0                   1                   0            12004123
                 173                 200                2201                   0                   1                   0                   1                   0            12003767
                 181                 206                 977                   0                   1                   0                   1                   0            12003582
                 170                 203                1064                   0                   1                   0                   1                   0            12003481
                 180                 214                1080                   0                   1                   0                   1                   0            12004242
                 194                 254                1264                   0                   1                   0                   1                   0            12004256
                 167                 194                1501                   0                   1                   0                   1                   0            12003570
                 171                 208                2469                   0                   1                   0                   1                   0            12002946
                 151                 182               11681                   0                   1                   0                   1                   0            12003367
                 240                 283               19977                   0                   1                   0                   1                   0            12004905
                 179                 213               24693                   0                   1                   0                   1                   0            12003678
                 176                 211               20617                   0                   1                   0                   1                   0            12003489
                 218                 257               33142                   0                   1                   0                   1                   0            12004741
--------------------------------
              irqlat          irqlat-end        inst_ret_el1        inst_ret_el2              cycles
                 150                 207            18650545                   0            12002389
                 160                 202            18597470                   0            12003543
                 193                 234            18709687                   0            12004546
                 163                 196            18688575                   0            12003684
                 204                 245            18668470                   0            12003893
                 167                 182            18652405                   0            12003634
                 182                 216            18631307                   0            12003284
                 194                 225            18623730                   0            12003850
                 177                 215            18738770                   0            12003807
                 168                 208            18728429                   0            12003675
                 167                 196            18713568                   0            12004130
                 236                 270            18692322                   0            12005076
                 191                 249            18669019                   0            12004399
                 215                 248            18697067                   0            12003726
                 195                 233            18692202                   0            12004239
                 178                 214            18723372                   0            12003726
                 253                 286            18767164                   0            12004701
                 182                 216            18678609                   0            12003707
                 200                 229            18602069                   0            12005048
                 181                 212            18675432                   0            12003341
                 252                 292            18603858                   0            12005026
                 171                 199            18731210                   0            12003013
                 193                 221            18722789                   0            12003581
                 188                 233            18660149                   0            12004024
                 229                 249            18853325                   0            12005010
                 146                 174            18611349                   0            12003161
                 160                 192            18689642                   0            12003046
                 185                 210            17766078                   0            12003693
                 175                 235            18651527                   0            12003998
                 175                 217            18710723                   0            12003341
                 209                 241            18697634                   0            12004467
                 204                 240            18598909                   0            12004855
                 202                 241            18624184                   0            12004063
                 156                 192            18656871                   0            12003627
                 193                 237            18722351                   0            12004261
                 180                 209            18791703                   0            12003750
                 158                 193            18717717                   0            12003334
                 164                 190            18552979                   0            12003450
                 239                 278            18674109                   0            12004591
                 174                 202            18661313                   0            12003590
                 151                 186            18743846                   0            12003173
                 139                 176            18712053                   0            12003017
                 271                 311            18667006                   0            12004999
                 154                 194            18671737                   0            12003387
                 171                 207            18710372                   0            12004004
                 262                 301            18740433                   0            12004329
                 168                 215            18633992                   0            12003863
                 212                 252            18673974                   0            12005046
                 181                 213            18712737                   0            12003961
                 163                 195            18673369                   0            12003597
Press 's' to start...
