--------------------------------
              irqlat          irqlat-end       l1$i_miss_el1       l1$i_miss_el2       l1$d_miss_el1       l1$d_miss_el2       l2$d_miss_el1       l2$d_miss_el2              cycles
                  22                  33                  10                   0               12588                   0                 513                   0            12000027
                  22                  33                  13                   0               18100                   0                   0                   0            12000495
                  22                  33                  13                   0               18167                   0                   0                   0            12000492
                  23                  35                  13                   0               18129                   0                   0                   0            12000503
                  22                  33                  13                   0               13213                   0                   0                   0            12000482
                  22                  34                  14                   0               21806                   0                   0                   0            12000484
                  22                  34                  13                   0               12131                   0                   0                   0            12000504
                  21                  33                  13                   0               21766                   0                   0                   0            12000486
                  22                  34                  13                   0               43152                   0                   0                   0            12000483
                  23                  34                  13                   0               18138                   0                   0                   0            12000506
                  22                  33                  13                   0               18155                   0                   0                   0            12000483
                  21                  32                  15                   0               58448                   0                   0                   0            12000502
                  23                  34                  13                   0               12115                   0                   0                   0            12000492
                  22                  33                  13                   0               12126                   0                   0                   0            12000486
                  22                  33                  13                   0               44791                   0                   0                   0            12000486
                  22                  33                  13                   0               18105                   0                   0                   0            12000484
                  22                  33                  13                   0               18100                   0                   0                   0            12000483
                  23                  34                  13                   0               18089                   0                   0                   0            12000505
                  23                  34                  13                   0               36377                   0                   0                   0            12000490
                  22                  34                  13                   0               36395                   0                   0                   0            12000498
                  22                  33                  13                   0               57414                   0                   0                   0            12000480
                  22                  33                  13                   0               18116                   0                   0                   0            12000494
                  23                  34                  14                   0                9934                   0                   0                   0            12000489
                  23                  34                  13                   0               12125                   0                   0                   0            12000495
                  22                  33                  13                   0               18122                   0                   0                   0            12000481
                  22                  33                  13                   0               43345                   0                   0                   0            12000489
                  22                  35                  13                   0               43270                   0                   0                   0            12000498
                  22                  33                  14                   0               18136                   0                   0                   0            12000485
                  21                  32                  13                   0               43331                   0                   0                   0            12000481
                  20                  31                  15                   0               57548                   0                   0                   0            12000492
                  22                  33                  13                   0               12123                   0                   0                   0            12000490
                  23                  35                  13                   0               13222                   0                   0                   0            12000505
                  22                  33                  13                   0               12128                   0                   0                   0            12000491
                  21                  32                  15                   0               59855                   0                   0                   0            12000510
                  23                  34                  13                   0               43373                   0                   0                   0            12000498
                  23                  34                  13                   0               18180                   0                   0                   0            12000492
                  22                  33                  13                   0               12126                   0                   0                   0            12000491
                  23                  34                  13                   0               13221                   0                   0                   0            12000495
                  22                  33                  13                   0               19766                   0                   0                   0            12000484
                  23                  35                  13                   0               18125                   0                   0                   0            12000498
                  23                  34                  13                   0               18116                   0                   0                   0            12000494
                  22                  33                  13                   0               36395                   0                   0                   0            12000494
                  22                  33                  13                   0               43816                   0                   0                   0            12000480
                  23                  35                  13                   0               18119                   0                   0                   0            12000503
                  22                  33                  13                   0               36414                   0                   0                   0            12000490
                  23                  36                  14                   0               18113                   0                   0                   0            12000513
                  22                  35                  13                   0               36387                   0                   0                   0            12000501
                  23                  34                  13                   0               18120                   0                   0                   0            12000495
                  23                  35                  13                   0               12104                   0                   0                   0            12000512
                  23                  35                  14                   0               12115                   0                   0                   0            12000500
--------------------------------
              irqlat          irqlat-end    tlb_il1_miss_el1    tlb_il1_miss_el2    tlb_dl1_miss_el1    tlb_dl1_miss_el2         mem_acc_el1         mem_acc_el2              cycles
                  23                  34                   0                   0                   0                   0             3703245                   0            12000130
                  21                  32                   0                   0                   0                   0             3650586                   0            12000472
                  22                  33                   0                   0                   0                   0             3706579                   0            12000487
                  23                  34                   0                   0                   0                   0             3708755                   0            12000487
                  23                  35                   0                   0                   0                   0             3707001                   0            12000514
                  22                  33                   0                   0                   0                   0             3679246                   0            12000492
                  22                  34                   0                   0                   0                   0             3711763                   0            12000496
                  22                  34                   0                   0                   0                   0             3711475                   0            12000496
                  22                  33                   0                   0                   0                   0             3714049                   0            12000475
                  23                  34                   0                   0                   0                   0             3710471                   0            12000486
                  22                  33                   0                   0                   0                   0             3729901                   0            12000483
                  22                  34                   0                   0                   0                   0             3706591                   0            12000505
                  22                  33                   0                   0                   0                   0             3713420                   0            12000484
                  22                  34                   0                   0                   0                   0             3707030                   0            12000493
                  22                  34                   0                   0                   0                   0             3704983                   0            12000499
                  22                  33                   0                   0                   0                   0             3711385                   0            12000490
                  22                  33                   0                   0                   0                   0             3711401                   0            12000484
                  23                  35                   0                   0                   0                   0             3734353                   0            12000516
                  23                  34                   0                   0                   0                   0             3705111                   0            12000493
                  23                  34                   0                   0                   0                   0             3714708                   0            12000493
                  22                  34                   0                   0                   0                   0             3704572                   0            12000497
                  23                  35                   0                   0                   0                   0             3716315                   0            12000500
                  23                  34                   0                   0                   0                   0             3707002                   0            12000486
                  21                  33                   0                   0                   0                   0             3680779                   0            12000482
                  22                  33                   0                   0                   0                   0             3716364                   0            12000472
                  23                  34                   0                   0                   0                   0             3836918                   0            12000488
                  22                  35                   0                   0                   0                   0             3705071                   0            12000506
                  24                  35                   0                   0                   0                   0             3716366                   0            12000507
                  22                  33                   0                   0                   0                   0             3714999                   0            12000487
                  22                  33                   0                   0                   0                   0             3716552                   0            12000488
                  22                  33                   0                   0                   0                   0             3729875                   0            12000490
                  22                  33                   0                   0                   0                   0             3703493                   0            12000481
                  22                  33                   0                   0                   0                   0             3707417                   0            12000492
                  23                  36                   0                   0                   0                   0             3713435                   0            12000512
                  22                  33                   0                   0                   0                   0             3710478                   0            12000489
                  22                  34                   0                   0                   0                   0             3703506                   0            12000505
                  22                  33                   0                   0                   0                   0             3736415                   0            12000484
                  21                  33                   0                   0                   0                   0             3721103                   0            12000480
                  22                  33                   0                   0                   0                   0             3713434                   0            12000488
                  23                  34                   0                   0                   0                   0             3703466                   0            12000499
                  22                  34                   0                   0                   0                   0             3714952                   0            12000488
                  20                  32                   0                   0                   0                   0             3771548                   0            12000470
                  23                  34                   0                   0                   0                   0             3714233                   0            12000491
                  23                  34                   0                   0                   0                   0             3703462                   0            12000496
                  23                  35                   0                   0                   0                   0             3710504                   0            12000509
                  23                  34                   0                   0                   0                   0             3671659                   0            12000494
                  22                  33                   0                   0                   0                   0             3706994                   0            12000486
                  23                  34                   0                   0                   0                   0             3706990                   0            12000488
                  21                  32                   0                   0                   0                   0             3791842                   0            12000477
                  23                  34                   0                   0                   0                   0             3705061                   0            12000492
--------------------------------
              irqlat          irqlat-end         bus_acc_el1         bus_acc_el2      exceptions_el1      exceptions_el2            irqs_el1            irqs_el2              cycles
                  23                  34                   1                   0                   1                   0                   1                   0            12000278
                  23                  35                   1                   0                   1                   0                   1                   0            12000500
                  22                  33                   1                   0                   1                   0                   1                   0            12000492
                  23                  34                   1                   0                   1                   0                   1                   0            12000489
                  23                  34                   1                   0                   1                   0                   1                   0            12000486
                  23                  36                   1                   0                   1                   0                   1                   0            12000517
                  23                  34                   1                   0                   1                   0                   1                   0            12000499
                  23                  34                   1                   0                   1                   0                   1                   0            12000487
                  22                  33                   1                   0                   1                   0                   1                   0            12000487
                  21                  32                   1                   0                   1                   0                   1                   0            12000501
                  23                  34                   1                   0                   1                   0                   1                   0            12000491
                  22                  35                   1                   0                   1                   0                   1                   0            12000494
                  23                  34                   1                   0                   1                   0                   1                   0            12000498
                  22                  33                   1                   0                   1                   0                   1                   0            12000488
                  22                  34                   1                   0                   1                   0                   1                   0            12000490
                  22                  33                   1                   0                   1                   0                   1                   0            12000491
                  22                  33                   1                   0                   1                   0                   1                   0            12000488
                  23                  35                   1                   0                   1                   0                   1                   0            12000498
                  22                  33                   1                   0                   1                   0                   1                   0            12000479
                  22                  33                   1                   0                   1                   0                   1                   0            12000488
                  22                  33                   1                   0                   1                   0                   1                   0            12000487
                  23                  34                   1                   0                   1                   0                   1                   0            12000494
                  23                  34                   1                   0                   1                   0                   1                   0            12000498
                  21                  32                   1                   0                   1                   0                   1                   0            12000498
                  23                  34                   1                   0                   1                   0                   1                   0            12000504
                  22                  34                   1                   0                   1                   0                   1                   0            12000503
                  22                  33                   1                   0                   1                   0                   1                   0            12000486
                  22                  35                   1                   0                   1                   0                   1                   0            12000497
                  22                  33                   1                   0                   1                   0                   1                   0            12000488
                  23                  34                   1                   0                   1                   0                   1                   0            12000492
                  22                  34                   1                   0                   1                   0                   1                   0            12000507
                  23                  34                   1                   0                   1                   0                   1                   0            12000492
                  23                  34                   1                   0                   1                   0                   1                   0            12000500
                  22                  33                   1                   0                   1                   0                   1                   0            12000488
                  22                  33                   1                   0                   1                   0                   1                   0            12000480
                  23                  34                   1                   0                   1                   0                   1                   0            12000490
                  22                  33                   1                   0                   1                   0                   1                   0            12000482
                  22                  33                   1                   0                   1                   0                   1                   0            12000493
                  23                  34                   1                   0                   1                   0                   1                   0            12000497
                  22                  33                   1                   0                   1                   0                   1                   0            12000486
                  22                  33                   1                   0                   1                   0                   1                   0            12000484
                  23                  35                   1                   0                   1                   0                   1                   0            12000506
                  22                  33                   1                   0                   1                   0                   1                   0            12000483
                  22                  33                   1                   0                   1                   0                   1                   0            12000484
                  21                  34                   1                   0                   1                   0                   1                   0            12000494
                  22                  33                   1                   0                   1                   0                   1                   0            12000487
                  22                  34                   1                   0                   1                   0                   1                   0            12000483
                  23                  34                   1                   0                   1                   0                   1                   0            12000491
                  22                  34                   1                   0                   1                   0                   1                   0            12000501
                  23                  34                   1                   0                   1                   0                   1                   0            12000489
--------------------------------
              irqlat          irqlat-end        inst_ret_el1        inst_ret_el2              cycles
                  22                  34            18513866                   0            12000321
                  23                  36            18562247                   0            12000505
                  23                  34            18554625                   0            12000498
                  22                  33            18574225                   0            12000484
                  22                  33            18517643                   0            12000483
                  23                  34            18643529                   0            12000493
                  22                  34            18565971                   0            12000495
                  22                  34            18560132                   0            12000502
                  22                  34            18560707                   0            12000492
                  23                  34            18524715                   0            12000489
                  22                  33            18524994                   0            12000483
                  23                  34            18574367                   0            12000489
                  22                  33            18540138                   0            12000486
                  23                  34            18711541                   0            12000487
                  23                  35            18534200                   0            12000506
                  23                  34            18561081                   0            12000490
                  22                  33            18550204                   0            12000484
                  22                  33            18630180                   0            12000483
                  23                  34            18530810                   0            12000491
                  22                  34            18580889                   0            12000486
                  23                  35            18580958                   0            12000502
                  20                  33            18514318                   0            12000473
                  23                  36            18581016                   0            12000501
                  22                  33            18535101                   0            12000490
                  23                  35            18547999                   0            12000506
                  22                  34            18560178                   0            12000505
                  21                  32            18940533                   0            12000475
                  22                  33            18567433                   0            12000487
                  22                  34            18426746                   0            12000494
                  22                  33            18552885                   0            12000488
                  22                  33            18549024                   0            12000492
                  22                  33            18460403                   0            12000482
                  23                  34            18560722                   0            12000491
                  23                  34            18560835                   0            12000498
                  20                  34            18358668                   0            12000488
                  23                  34            18560015                   0            12000503
                  20                  31            18448664                   0            12000477
                  22                  34            18584836                   0            12000496
                  22                  33            18925824                   0            12000481
                  23                  34            18552817                   0            12000494
                  22                  36            18561121                   0            12000511
                  23                  34            18530665                   0            12000486
                  22                  33            18517270                   0            12000485
                  22                  33            18850556                   0            12000487
                  22                  33            19053922                   0            12000484
                  22                  33            18544869                   0            12000489
                  23                  35            18643424                   0            12000501
                  22                  33            18580798                   0            12000493
                  22                  33            18566135                   0            12000489
                  22                  34            18411462                   0            12000492
Press 's' to start...
