--------------------------------
              irqlat          irqlat-end       l1$i_miss_el1       l1$i_miss_el2       l1$d_miss_el1       l1$d_miss_el2       l2$d_miss_el1       l2$d_miss_el2              cycles
                  26                  37                  10                   0               12713                   0                 514                   0            11999969
                  23                  35                  13                   0               18269                   0                   0                   0            12000506
                  22                  33                  13                   0               58138                   0                   0                   0            12000473
                  21                  32                  13                   0               43749                   0                   0                   0            12000468
                  24                  36                  13                   0               24665                   0                   0                   0            12000522
                  23                  35                  13                   0               59028                   0                   0                   0            12000505
                  24                  36                  13                   0               18272                   0                   0                   0            12000512
                  23                  34                  13                   0               12216                   0                   0                   0            12000492
                  23                  34                  13                   0               12194                   0                   0                   0            12000498
                  24                  36                  14                   0               12131                   0                   0                   0            12000510
                  24                  35                  13                   0               18356                   0                   0                   0            12000498
                  23                  35                  13                   0               51416                   0                   0                   0            12000506
                  24                  35                  15                   0               58317                   0                   0                   0            12000504
                  23                  34                  13                   0               29138                   0                   0                   0            12000488
                  24                  35                  13                   0               12153                   0                   0                   0            12000500
                  25                  36                  13                   0               12196                   0                   0                   0            12000530
                  24                  35                  13                   0               12120                   0                   0                   0            12000508
                  23                  34                  13                   0               18171                   0                   0                   0            12000494
                  24                  35                  13                   0               18164                   0                   0                   0            12000505
                  25                  36                  13                   0               12171                   0                   0                   0            12000508
                  24                  36                  13                   0               12169                   0                   0                   0            12000510
                  24                  35                  13                   0               30082                   0                   0                   0            12000501
                  23                  34                  13                   0               18215                   0                   0                   0            12000496
                 133                 145                  13                   0               19109                   0                   0                   0            12001826
                  25                  36                  13                   0               18901                   0                   0                   0            12000514
                  23                  34                  13                   0               36662                   0                   0                   0            12000496
                  25                  37                  13                   0               12138                   0                   0                   0            12000533
                  24                  35                  13                   0               12160                   0                   0                   0            12000507
                  23                  34                  13                   0               17676                   0                   0                   0            12000568
                  23                  34                  13                   0               17061                   0                   0                   0            12000489
                  24                  36                  13                   0               12179                   0                   0                   0            12000521
                  24                  35                  13                   0               14880                   0                   0                   0            12000500
                  23                  35                  13                   0               15443                   0                   0                   0            12000492
                  24                  35                  13                   0               12159                   0                   0                   0            12000498
                  26                  37                  13                   0               36439                   0                   0                   0            12000531
                  24                  35                  13                   0               31513                   0                   0                   0            12000505
                  37                  48                  13                   0               18238                   0                   0                   0            12000724
                  22                  33                  13                   0               18234                   0                   0                   0            12000488
                  24                  35                  13                   0               57871                   0                   0                   0            12000509
                  24                  35                  13                   0               18171                   0                   0                   0            12000504
                  25                  36                  13                   0               15606                   0                   0                   0            12000511
                  23                  34                  13                   0               12176                   0                   0                   0            12000494
                  22                  33                  13                   0               13524                   0                   0                   0            12000475
                  24                  35                  13                   0               18259                   0                   0                   0            12000504
                  29                  40                  13                   0               12172                   0                   0                   0            12000562
                  23                  34                  13                   0               15105                   0                   0                   0            12000491
                  24                  38                  13                   0               18298                   0                   0                   0            12000547
                  24                  35                  13                   0               19539                   0                   0                   0            12000498
                  23                  34                  13                   0               17085                   0                   0                   0            12000501
                  23                  35                  13                   0               29870                   0                   0                   0            12000497
--------------------------------
              irqlat          irqlat-end    tlb_il1_miss_el1    tlb_il1_miss_el2    tlb_dl1_miss_el1    tlb_dl1_miss_el2         mem_acc_el1         mem_acc_el2              cycles
                  23                  34                   0                   0                   0                   0             3723232                   0            11999906
                  23                  34                   0                   0                   0                   0             3718364                   0            12000491
                  23                  34                   0                   0                   0                   0             3716635                   0            12000487
                  25                  36                   0                   0                   0                   0             3715610                   0            12000513
                  25                  37                   0                   0                   0                   0             3718242                   0            12000529
                  23                  36                   0                   0                   0                   0             3721837                   0            12000511
                  23                  34                   0                   0                   0                   0             3710751                   0            12000490
                  23                  34                   0                   0                   0                   0             3725049                   0            12000488
                  23                  34                   0                   0                   0                   0             3721998                   0            12000483
                  24                  35                   0                   0                   0                   0             3696226                   0            12000506
                  23                  34                   0                   0                   0                   0             3716730                   0            12000487
                  23                  35                   0                   0                   0                   0             3727152                   0            12000507
                  23                  35                   0                   0                   0                   0             3723267                   0            12000506
                  24                  35                   0                   0                   0                   0             3750355                   0            12000499
                  23                  35                   0                   0                   0                   0             3763891                   0            12000498
                  22                  33                   0                   0                   0                   0             3782276                   0            12000482
                  23                  34                   0                   0                   0                   0             3722547                   0            12000495
                  23                  35                   0                   0                   0                   0             3790768                   0            12000497
                  23                  34                   0                   0                   0                   0             3724415                   0            12000490
                  25                  36                   0                   0                   0                   0             3728182                   0            12000522
                  25                  36                   0                   0                   0                   0             3720540                   0            12000519
                  23                  34                   0                   0                   0                   0             3716877                   0            12000503
                  24                  35                   0                   0                   0                   0             3736823                   0            12000498
                  22                  33                   0                   0                   0                   0             3732053                   0            12000482
                  24                  36                   0                   0                   0                   0             3723455                   0            12000520
                  23                  34                   0                   0                   0                   0             3717420                   0            12000490
                  25                  37                   0                   0                   0                   0             3732445                   0            12000523
                  21                  34                   0                   0                   0                   0             3689816                   0            12000489
                  23                  35                   0                   0                   0                   0             3725036                   0            12000495
                  42                  55                   0                   0                   0                   0             3756228                   0            12000735
                  23                  35                   0                   0                   0                   0             3721367                   0            12000498
                  28                  39                   0                   0                   0                   0             3751923                   0            12000562
                  20                  31                   0                   0                   0                   0             3665787                   0            12000486
                  23                  34                   0                   0                   0                   0             3726897                   0            12000492
                  23                  34                   0                   0                   0                   0             3723950                   0            12000499
                  25                  36                   0                   0                   0                   0             3716547                   0            12000522
                  23                  35                   0                   0                   0                   0             3719626                   0            12000507
                  23                  34                   0                   0                   0                   0             3746503                   0            12000489
                  23                  34                   0                   0                   0                   0             3718974                   0            12000535
                  24                  35                   0                   0                   0                   0             3725022                   0            12000502
                  23                  34                   0                   0                   0                   0             3720838                   0            12000492
                  23                  34                   0                   0                   0                   0             3717593                   0            12000496
                  23                  35                   0                   0                   0                   0             3738780                   0            12000506
                  23                  34                   0                   0                   0                   0             3771985                   0            12000492
                  23                  34                   0                   0                   0                   0             3732356                   0            12000501
                  24                  35                   0                   0                   0                   0             3755984                   0            12000512
                  21                  32                   0                   0                   0                   0             3724908                   0            12000467
                  24                  35                   0                   0                   0                   0             3752505                   0            12000504
                  21                  33                   0                   0                   0                   0             3765042                   0            12000478
                  24                  35                   0                   0                   0                   0             3718910                   0            12000506
--------------------------------
              irqlat          irqlat-end         bus_acc_el1         bus_acc_el2      exceptions_el1      exceptions_el2            irqs_el1            irqs_el2              cycles
                  27                  38               61327                   0                   1                   0                   1                   0            12000331
                  22                  33               21969                   0                   1                   0                   1                   0            12000487
                  24                  35               10041                   0                   1                   0                   1                   0            12000505
                  23                  34               49274                   0                   1                   0                   1                   0            12000497
                  23                  34               62695                   0                   1                   0                   1                   0            12000490
                  53                  66               62908                   0                   1                   0                   1                   0            12001034
                  23                  35               63443                   0                   1                   0                   1                   0            12000506
                  23                  35               62910                   0                   1                   0                   1                   0            12000509
                  23                  34               64398                   0                   1                   0                   1                   0            12000485
                  24                  36               66859                   0                   1                   0                   1                   0            12000717
                  23                  34               64530                   0                   1                   0                   1                   0            12000493
                  22                  34               50778                   0                   1                   0                   1                   0            12000497
                  24                  35               11529                   0                   1                   0                   1                   0            12000508
                  24                  35               28101                   0                   1                   0                   1                   0            12000507
                  24                  36               67077                   0                   1                   0                   1                   0            12000516
                  23                  35               65399                   0                   1                   0                   1                   0            12000502
                  23                  35               16882                   0                   1                   0                   1                   0            12000512
                  23                  34                9486                   0                   1                   0                   1                   0            12000493
                  23                  34               11141                   0                   1                   0                   1                   0            12000489
                  23                  35               41742                   0                   1                   0                   1                   0            12000504
                  23                  35               65707                   0                   1                   0                   1                   0            12000503
                  23                  35               63006                   0                   1                   0                   1                   0            12000502
                  24                  35               64194                   0                   1                   0                   1                   0            12000494
                  35                  46               66003                   0                   1                   0                   1                   0            12000680
                  23                  34               64343                   0                   1                   0                   1                   0            12000499
                  24                  35               61121                   0                   1                   0                   1                   0            12000495
                  24                  36               26814                   0                   1                   0                   1                   0            12000509
                  23                  34               15085                   0                   1                   0                   1                   0            12000500
                  23                  34               11229                   0                   1                   0                   1                   0            12000493
                  23                  34                9777                   0                   1                   0                   1                   0            12000491
                  23                  35               12377                   0                   1                   0                   1                   0            12000499
                  21                  32               13453                   0                   1                   0                   1                   0            12000476
                  23                  35               10989                   0                   1                   0                   1                   0            12000501
                  23                  34               10277                   0                   1                   0                   1                   0            12000496
                  23                  34               10085                   0                   1                   0                   1                   0            12000493
                  23                  34                9902                   0                   1                   0                   1                   0            12000496
                  24                  35                9422                   0                   1                   0                   1                   0            12000504
                  24                  35               11317                   0                   1                   0                   1                   0            12000504
                  23                  35                9993                   0                   1                   0                   1                   0            12000499
                  24                  35               10021                   0                   1                   0                   1                   0            12000500
                  23                  34               51730                   0                   1                   0                   1                   0            12000499
                  25                  36               63150                   0                   1                   0                   1                   0            12000524
                  22                  33               67255                   0                   1                   0                   1                   0            12000480
                  24                  35               64552                   0                   1                   0                   1                   0            12000511
                  24                  36               66142                   0                   1                   0                   1                   0            12000515
                  22                  33               67486                   0                   1                   0                   1                   0            12000481
                  24                  35               64476                   0                   1                   0                   1                   0            12000510
                  23                  34               61110                   0                   1                   0                   1                   0            12000499
                  25                  36               62862                   0                   1                   0                   1                   0            12000509
                  24                  35               66503                   0                   1                   0                   1                   0            12000507
--------------------------------
              irqlat          irqlat-end        inst_ret_el1        inst_ret_el2              cycles
                  23                  34            18609263                   0            12000304
                  23                  34            18681912                   0            12000486
                  24                  36            18690008                   0            12000515
                  23                  35            18694284                   0            12000495
                  24                  35            18599541                   0            12000504
                  24                  35            18592658                   0            12000514
                  23                  34            18643150                   0            12000492
                  22                  33            18715789                   0            12000477
                  24                  36            18622433                   0            12000519
                  24                  35            18660393                   0            12000497
                  23                  34            18643220                   0            12000524
                  24                  35            18623795                   0            12000507
                  23                  34            18648229                   0            12000500
                  24                  35            18601382                   0            12000511
                  22                  35            18589272                   0            12000497
                  24                  35            18715034                   0            12000507
                  23                  34            18683214                   0            12000515
                  23                  35            18627257                   0            12000507
                  23                  34            18582458                   0            12000487
                  22                  33            18591696                   0            12000491
                  24                  35            18830014                   0            12000516
                  24                  36            19030382                   0            12000509
                  23                  34            18777588                   0            12000488
                  24                  35            18775956                   0            12000507
                  26                  37            18578160                   0            12000533
                  23                  34            18659855                   0            12000488
                  23                  34            18647393                   0            12000487
                  24                  35            18655285                   0            12000508
                  62                  73            18664436                   0            12000962
                  24                  35            18633718                   0            12000505
                  24                  35            18922318                   0            12000510
                  23                  34            18625925                   0            12000499
                  24                  35            18658115                   0            12000519
                  23                  35            18585473                   0            12000510
                  23                  35            18611980                   0            12000503
                  23                  35            18612130                   0            12000505
                  23                  34            18582882                   0            12000504
                  22                  33            18590875                   0            12000509
                  23                  34            18652596                   0            12000490
                  23                  34            18667024                   0            12000499
                  23                  35            18662850                   0            12000509
                  24                  36            18594675                   0            12000526
                  23                  34            18758045                   0            12000489
                  23                  36            18667683                   0            12000516
                  23                  34            18620949                   0            12000489
                  23                  35            18601232                   0            12000502
                  23                  35            18658932                   0            12000509
                  23                  34            18702713                   0            12000507
                  23                  34            18447115                   0            12000497
                  23                  35            18750595                   0            12000534
Press 's' to start...
