--------------------------------
              irqlat          irqlat-end       l1$i_miss_el1       l1$i_miss_el2       l1$d_miss_el1       l1$d_miss_el2       l2$d_miss_el1       l2$d_miss_el2              cycles
                  37                  60                  11                   0               29862                   0                 513                   0             6000041
                  43                  65                  13                   0                9169                   0                   0                   0             6000476
                  45                  71                  14                   0                6116                   0                   0                   0             6000519
                  39                  61                  13                   0                8679                   0                   0                   0             6000465
                  41                  63                  13                   0                9131                   0                   0                   0             6000458
                  41                  63                  13                   0                9195                   0                   0                   0             6000479
                  44                  70                  16                   0                9210                   0                   0                   0             6000509
                  40                  64                  13                   0                9143                   0                   0                   0             6000468
                  45                  67                  13                   0               10992                   0                   0                   0             6000488
                  35                  59                  14                   0               29211                   0                   0                   0             6000480
                  40                  63                  13                   0                9138                   0                   0                   0             6000480
                  38                  60                  13                   0               32592                   0                   0                   0             6000451
                  44                  68                  14                   0                9148                   0                   1                   0             6000527
                  40                  62                  13                   0                6141                   0                   0                   0             6000460
                  42                  66                  13                   0                9131                   0                   0                   0             6000478
                  38                  60                  14                   0               29189                   0                   0                   0             6000449
                  47                  74                  13                   0                9199                   0                   0                   0             6000532
                  47                  70                  13                   0                9158                   0                   0                   0             6000501
                  39                  61                  14                   0               29329                   0                   0                   0             6000454
                  42                  64                  17                   0               19697                   0                   0                   0             6000510
                  42                  67                  14                   0               11016                   0                   0                   0             6000483
                  44                  66                  13                   0                6122                   0                   0                   0             6000496
                  46                  71                  14                   0                9086                   0                   0                   0             6000517
                  38                  60                  15                   0               29253                   0                   0                   0             6000476
                  38                  60                  13                   0                9222                   0                   0                   0             6000449
                  41                  64                  13                   0                9140                   0                   0                   0             6000467
                  41                  63                  13                   0                9169                   0                   0                   0             6000467
                  39                  61                  15                   0                9188                   0                   0                   0             6000481
                  41                  66                  14                   0                6107                   0                   0                   0             6000475
                  43                  70                  16                   0                9105                   0                   0                   0             6000489
                  38                  62                  13                   0                6095                   0                   0                   0             6000455
                  45                  70                  14                   0               18342                   0                   0                   0             6000556
                  39                  61                  14                   0                9206                   0                   0                   0             6000473
                  39                  61                  14                   0               28100                   0                   0                   0             6000515
                  60                  82                  13                   0               28920                   0                   0                   0             6000623
                  44                  69                  13                   0                9105                   0                   0                   0             6000520
                  42                  64                  14                   0                9118                   0                   0                   0             6000503
                  40                  63                  13                   0                9160                   0                   0                   0             6000464
                  43                  65                  13                   0                9197                   0                   0                   0             6000484
                  41                  63                  14                   0               29132                   0                   0                   0             6000498
                  44                  69                  13                   0                6115                   0                   0                   0             6000490
                  41                  64                  13                   0                6139                   0                   0                   0             6000466
                  39                  63                  13                   0               10978                   0                   0                   0             6000460
                  45                  70                  13                   0               11028                   0                   0                   0             6000510
                  37                  59                  13                   0               29251                   0                   0                   0             6000446
                  39                  65                  14                   0                9186                   0                   0                   0             6000478
                  42                  65                  13                   0               28929                   0                   0                   0             6000478
                  45                  69                  14                   0                9398                   0                   0                   0             6000545
                  44                  70                  14                   0                6117                   0                   0                   0             6000510
                  39                  65                  13                   0                9178                   0                   0                   0             6000489
--------------------------------
              irqlat          irqlat-end    tlb_il1_miss_el1    tlb_il1_miss_el2    tlb_dl1_miss_el1    tlb_dl1_miss_el2         mem_acc_el1         mem_acc_el2              cycles
                  46                  68                   0                   0                   0                   0             1876854                   0             6000149
                  37                  59                   0                   0                   0                   0             1877212                   0             6000449
                  38                  60                   0                   0                   0                   0             1860994                   0             6000473
                  42                  64                   0                   0                   0                   0             1862960                   0             6000476
                  42                  64                   0                   0                   0                   0             1881764                   0             6000515
                  42                  64                   0                   0                   0                   0             1862542                   0             6000498
                  43                  67                   0                   0                   0                   0             1866827                   0             6000492
                  41                  63                   0                   0                   0                   0             1871789                   0             6000477
                  42                  64                   0                   0                   0                   0             1862298                   0             6000523
                  42                  64                   0                   0                   0                   0             1884007                   0             6000486
                  43                  66                   0                   0                   0                   0             1860790                   0             6000483
                  41                  63                   0                   0                   0                   0             1872943                   0             6000462
                  45                  69                   0                   0                   0                   0             1866690                   0             6000557
                  43                  66                   0                   0                   0                   0             1862043                   0             6000484
                  40                  63                   0                   0                   0                   0             1862736                   0             6000459
                  41                  65                   0                   0                   0                   0             1861719                   0             6000509
                  44                  69                   0                   0                   0                   0             1893922                   0             6000495
                  44                  66                   0                   0                   0                   0             1873572                   0             6000485
                  40                  62                   0                   0                   0                   0             1866684                   0             6000459
                  43                  65                   0                   0                   0                   0             1869725                   0             6000499
                  36                  61                   0                   0                   0                   0             1860451                   0             6000492
                  42                  64                   0                   0                   0                   0             1869760                   0             6000467
                  50                  73                   0                   0                   0                   0             1869298                   0             6000523
                  41                  63                   0                   0                   0                   0             1862197                   0             6000464
                  39                  61                   0                   0                   0                   0             1879571                   0             6000480
                  45                  68                   0                   0                   0                   0             1873419                   0             6000494
                  42                  64                   0                   0                   0                   0             1864138                   0             6000497
                  47                  69                   0                   0                   0                   0             1877267                   0             6000496
                  43                  65                   0                   0                   0                   0             1867146                   0             6000471
                  40                  62                   0                   0                   0                   0             1873605                   0             6000459
                  40                  63                   0                   0                   0                   0             1853236                   0             6000463
                  48                  70                   0                   0                   0                   0             1882840                   0             6000508
                  40                  62                   0                   0                   0                   0             1863077                   0             6000499
                  38                  60                   0                   0                   0                   0             1861627                   0             6000452
                  37                  60                   0                   0                   0                   0             1843519                   0             6000449
                  41                  65                   0                   0                   0                   0             1872557                   0             6000507
                  42                  64                   0                   0                   0                   0             1863278                   0             6000471
                  38                  60                   0                   0                   0                   0             1873209                   0             6000503
                  48                  70                   0                   0                   0                   0             1864614                   0             6000500
                  37                  60                   0                   0                   0                   0             1864027                   0             6000447
                  36                  58                   0                   0                   0                   0             1845652                   0             6000468
                  39                  61                   0                   0                   0                   0             1870683                   0             6000453
                  47                  74                   0                   0                   0                   0             1859730                   0             6000535
                  38                  60                   0                   0                   0                   0             1888562                   0             6000449
                  39                  64                   0                   0                   0                   0             1869940                   0             6000495
                  42                  67                   0                   0                   0                   0             1864418                   0             6000501
                  41                  63                   0                   0                   0                   0             1862492                   0             6000465
                  38                  60                   0                   0                   0                   0             1862323                   0             6000444
                  38                  60                   0                   0                   0                   0             1878007                   0             6000448
                  43                  65                   0                   0                   0                   0             1890926                   0             6000474
--------------------------------
              irqlat          irqlat-end         bus_acc_el1         bus_acc_el2      exceptions_el1      exceptions_el2            irqs_el1            irqs_el2              cycles
                  44                  66               24395                   0                   1                   0                   1                   0             6000293
                  44                  66               45145                   0                   1                   0                   1                   0             6000496
                  45                  70               44782                   0                   1                   0                   1                   0             6000497
                  41                  63                7381                   0                   1                   0                   1                   0             6000467
                  41                  68                 689                   0                   1                   0                   1                   0             6000501
                  40                  62                 421                   0                   1                   0                   1                   0             6000459
                  47                  73                 333                   0                   1                   0                   1                   0             6000522
                  39                  64               10913                   0                   1                   0                   1                   0             6000510
                  34                  57                9341                   0                   1                   0                   1                   0             6000435
                  39                  61                9485                   0                   1                   0                   1                   0             6000449
                  43                  65                9805                   0                   1                   0                   1                   0             6000538
                  39                  64                9561                   0                   1                   0                   1                   0             6000464
                  37                  61                8353                   0                   1                   0                   1                   0             6000451
                  43                  65               16449                   0                   1                   0                   1                   0             6000481
                  41                  63                9049                   0                   1                   0                   1                   0             6000457
                  36                  58               10645                   0                   1                   0                   1                   0             6000464
                  42                  66               12809                   0                   1                   0                   1                   0             6000488
                  43                  65               11009                   0                   1                   0                   1                   0             6000504
                  41                  63               12381                   0                   1                   0                   1                   0             6000464
                  41                  65               11345                   0                   1                   0                   1                   0             6000470
                  29                  55               12949                   0                   1                   0                   1                   0             6000401
                  79                 101               12065                   0                   1                   0                   1                   0             6000689
                  40                  62               12229                   0                   1                   0                   1                   0             6000459
                  41                  63               11097                   0                   1                   0                   1                   0             6000463
                  43                  73               11477                   0                   1                   0                   1                   0             6000519
                  40                  64                4909                   0                   1                   0                   1                   0             6000470
                  45                  67                7005                   0                   1                   0                   1                   0             6000488
                  40                  67                 413                   0                   1                   0                   1                   0             6000480
                  38                  60                 197                   0                   1                   0                   1                   0             6000478
                  39                  61                 417                   0                   1                   0                   1                   0             6000461
                  43                  67                 617                   0                   1                   0                   1                   0             6000490
                  40                  62                5841                   0                   1                   0                   1                   0             6000475
                  44                  70                7737                   0                   1                   0                   1                   0             6000508
                  46                  68               10217                   0                   1                   0                   1                   0             6000491
                  37                  59               10349                   0                   1                   0                   1                   0             6000434
                  45                  68                8273                   0                   1                   0                   1                   0             6000492
                  42                  66                8845                   0                   1                   0                   1                   0             6000483
                  37                  59                8709                   0                   1                   0                   1                   0             6000440
                  41                  63               10993                   0                   1                   0                   1                   0             6000463
                  36                  59                8661                   0                   1                   0                   1                   0             6000450
                  42                  64                8421                   0                   1                   0                   1                   0             6000470
                  45                  67                2105                   0                   1                   0                   1                   0             6000495
                  40                  63                  29                   0                   1                   0                   1                   0             6000494
                  40                  62                  61                   0                   1                   0                   1                   0             6000459
                  45                  67                7689                   0                   1                   0                   1                   0             6000494
                  41                  63                8149                   0                   1                   0                   1                   0             6000491
                  41                  63                1313                   0                   1                   0                   1                   0             6000468
                  49                  73                 161                   0                   1                   0                   1                   0             6000522
                  35                  60                 541                   0                   1                   0                   1                   0             6000446
                  40                  62                 129                   0                   1                   0                   1                   0             6000460
--------------------------------
              irqlat          irqlat-end        inst_ret_el1        inst_ret_el2              cycles
                  40                  65             9281459                   0             6000344
                  43                  65             9307938                   0             6000478
                  41                  66             9391077                   0             6000483
                  48                  70             9430560                   0             6000508
                  38                  60             9314345                   0             6000496
                  40                  65             9390991                   0             6000471
                  49                  71             9317496                   0             6000513
                  41                  66             9305701                   0             6000478
                  44                  66             9320018                   0             6000498
                  42                  67             9306640                   0             6000487
                  38                  60             9365299                   0             6000483
                  45                  69             9306086                   0             6000502
                  49                  71             9348113                   0             6000556
                  42                  64             9382301                   0             6000466
                  44                  66             9306636                   0             6000481
                  43                  65             9362082                   0             6000480
                  48                  72             9381589                   0             6000546
                  42                  64             9327686                   0             6000523
                  44                  66             9418522                   0             6000522
                  43                  65             9333992                   0             6000481
                  43                  65             9349749                   0             6000474
                  39                  61             9314635                   0             6000495
                  40                  62             9306028                   0             6000456
                  36                  58             9311043                   0             6000440
                 118                 140             9390824                   0             6001004
                  40                  62             9317525                   0             6000455
                 110                 132             9365866                   0             6000935
                  40                  62             9304520                   0             6000459
                  39                  63             9227775                   0             6000459
                  37                  59             9376002                   0             6000455
                  38                  60             9408449                   0             6000482
                  47                  69             9401703                   0             6000528
                  41                  66             9327843                   0             6000480
                  38                  63             9392652                   0             6000455
                  38                  60             9305927                   0             6000441
                  43                  65             9310722                   0             6000482
                  47                  69             9328420                   0             6000501
                  46                  68             9314174                   0             6000495
                  45                  67             9349182                   0             6000482
                  43                  65             9316105                   0             6000481
                  41                  68             9348537                   0             6000486
                  45                  69             9387570                   0             6000503
                  38                  65             9346811                   0             6000473
                  47                  69             9392442                   0             6000517
                  37                  59             9386073                   0             6000441
                  39                  61             9317895                   0             6000454
                  47                  69             9386354                   0             6000507
                  41                  65             9365544                   0             6000504
                  41                  63             9305571                   0             6000463
                  43                  65             9334520                   0             6000473
Press 's' to start...
