--------------------------------
              irqlat          irqlat-end       l1$i_miss_el1       l1$i_miss_el2       l1$d_miss_el1       l1$d_miss_el2       l2$d_miss_el1       l2$d_miss_el2              cycles
                 165                 241                   9                   0               18746                   0                 533                   0             6000693
                 166                 212                  13                   0                9170                   0                  24                   0             6001777
                 172                 214                  13                   0                9170                   0                  24                   0             6001799
                 227                 276                  13                   0                6131                   0                  24                   0             6002603
                 166                 210                  13                   0               22028                   0                  23                   0             6001721
                 161                 212                  13                   0               32699                   0                  22                   0             6001657
                 163                 211                  13                   0                9155                   0                  25                   0             6001733
                 189                 230                  13                   0               11124                   0                  23                   0             6001856
                 189                 231                  14                   0                6123                   0                  25                   0             6001660
                 174                 215                  13                   0                6157                   0                  24                   0             6001843
                 152                 194                  13                   0                6108                   0                  24                   0             6001600
                 174                 214                  13                   0                9130                   0                  25                   0             6001891
                 157                 179                  14                   0                6119                   0                  26                   0             6001748
                 148                 170                  14                   0                6132                   0                  26                   0             6001609
                 161                 208                  13                   0               21888                   0                  25                   0             6001887
                 164                 208                  13                   0               22020                   0                  23                   0             6001729
                 197                 249                  13                   0               57106                   0                  22                   0             6001916
                 155                 204                  13                   0               21947                   0                  24                   0             6001660
                 186                 223                  13                   0                6155                   0                  25                   0             6001843
                 263                 308                  13                   0               21893                   0                  26                   0             6002394
                 171                 233                  14                   0               29151                   0                  23                   0             6001673
                 189                 235                  14                   0               29059                   0                  26                   0             6001754
                 211                 233                  14                   0               11071                   0                  28                   0             6001983
                 207                 256                  13                   0                6154                   0                  29                   0             6002181
                 176                 218                  13                   0               28939                   0                  23                   0             6001860
                 248                 292                  12                   0                9151                   0                  28                   0             6002671
                 229                 274                  13                   0                6119                   0                  24                   0             6002242
                 213                 264                  13                   0                9100                   0                  25                   0             6002242
                 162                 206                  14                   0               11038                   0                  25                   0             6001558
                 191                 228                  13                   0               18351                   0                  25                   0             6001865
                 176                 215                  13                   0                6121                   0                  25                   0             6001850
                 166                 217                  13                   0                6122                   0                  26                   0             6001838
                 333                 411                  13                   0                6141                   0                  25                   0             6003286
                 183                 237                  13                   0                9161                   0                  25                   0             6002081
                 252                 293                  13                   0                9167                   0                  25                   0             6002341
                 211                 262                  13                   0                9199                   0                  25                   0             6002045
                 179                 223                  14                   0                9147                   0                  25                   0             6001591
                 196                 234                  13                   0               29311                   0                  23                   0             6001914
                 187                 235                  13                   0               22051                   0                  24                   0             6001874
                 177                 236                  13                   0               11026                   0                  24                   0             6002305
                 143                 183                  13                   0                9174                   0                  24                   0             6001735
                 215                 259                  13                   0               42624                   0                  22                   0             6001910
                 175                 216                  15                   0                6158                   0                  24                   0             6001656
                 171                 218                  13                   0                9166                   0                  24                   0             6001730
                 202                 245                  13                   0                6104                   0                  24                   0             6001951
                 181                 232                  14                   0                9169                   0                  25                   0             6001848
                 173                 222                  13                   0               29275                   0                  22                   0             6001702
                 147                 191                  13                   0               29090                   0                  21                   0             6001501
                 190                 229                  13                   0                8963                   0                  24                   0             6001901
                 164                 186                  14                   0                6198                   0                  24                   0             6001702
--------------------------------
              irqlat          irqlat-end    tlb_il1_miss_el1    tlb_il1_miss_el2    tlb_dl1_miss_el1    tlb_dl1_miss_el2         mem_acc_el1         mem_acc_el2              cycles
                 143                 194                   0                   0                   0                   0             1868178                   0             6001172
                 229                 269                   0                   0                   0                   0             1864379                   0             6002155
                 159                 207                   0                   0                   0                   0             1878490                   0             6001524
                 202                 254                   0                   0                   0                   0             1878384                   0             6002048
                 169                 213                   0                   0                   0                   0             1863396                   0             6001803
                 198                 221                   0                   0                   0                   0             1863648                   0             6001787
                 166                 206                   0                   0                   0                   0             1866492                   0             6001810
                 250                 295                   0                   0                   0                   0             1865609                   0             6002618
                 168                 191                   0                   0                   0                   0             1864505                   0             6001405
                 207                 229                   0                   0                   0                   0             1863982                   0             6001984
                 164                 230                   0                   0                   0                   0             1869640                   0             6002289
                 162                 200                   0                   0                   0                   0             1875026                   0             6001516
                 176                 216                   0                   0                   0                   0             1864380                   0             6001836
                 164                 210                   0                   0                   0                   0             1872903                   0             6002043
                 237                 285                   0                   0                   0                   0             1861315                   0             6002162
                 198                 241                   0                   0                   0                   0             1872999                   0             6002188
                 212                 263                   0                   0                   0                   0             1866462                   0             6002055
                 199                 256                   0                   0                   0                   0             1864562                   0             6002007
                 217                 273                   0                   0                   0                   0             1867503                   0             6002021
                 176                 240                   0                   0                   0                   0             1857599                   0             6002122
                 163                 202                   0                   0                   0                   0             1857362                   0             6001583
                 168                 207                   0                   0                   0                   0             1875210                   0             6001643
                 182                 225                   0                   0                   0                   0             1866084                   0             6001868
                 178                 220                   0                   0                   0                   0             1868824                   0             6001784
                 221                 269                   0                   0                   0                   0             1878601                   0             6002394
                 195                 234                   0                   0                   0                   0             1862135                   0             6002340
                 205                 255                   0                   0                   0                   0             1868005                   0             6002090
                 194                 243                   0                   0                   0                   0             1875079                   0             6002017
                 212                 284                   0                   0                   0                   0             1864175                   0             6002362
                 175                 218                   0                   0                   0                   0             1874594                   0             6001713
                 171                 194                   0                   0                   0                   0             1869682                   0             6001749
                 183                 205                   0                   0                   0                   0             1879696                   0             6001966
                 173                 210                   0                   0                   0                   0             1840056                   0             6001696
                 168                 220                   0                   0                   0                   0             1868563                   0             6001760
                 170                 225                   0                   0                   0                   0             1874429                   0             6001775
                 195                 218                   0                   0                   0                   0             1833531                   0             6001737
                 207                 237                   0                   0                   0                   0             1869138                   0             6002034
                 208                 230                   0                   0                   0                   0             1866018                   0             6002032
                 251                 292                   0                   0                   0                   0             1864604                   0             6002767
                 184                 213                   0                   0                   0                   0             1875067                   0             6001906
                 154                 196                   0                   0                   0                   0             1865207                   0             6001716
                 224                 280                   0                   0                   0                   0             1863653                   0             6002359
                 178                 226                   0                   0                   0                   0             1864022                   0             6001789
                 185                 229                   0                   0                   0                   0             1878777                   0             6002117
                 235                 284                   0                   0                   0                   0             1872895                   0             6001994
                 170                 226                   0                   0                   0                   0             1873038                   0             6001915
                 151                 193                   0                   0                   0                   0             1859283                   0             6001494
                 160                 182                   0                   0                   0                   0             1880354                   0             6001790
                 177                 220                   0                   0                   0                   0             1881152                   0             6001789
                 171                 212                   0                   0                   0                   0             1852896                   0             6001608
--------------------------------
              irqlat          irqlat-end         bus_acc_el1         bus_acc_el2      exceptions_el1      exceptions_el2            irqs_el1            irqs_el2              cycles
                 228                 250                3264                   0                   1                   0                   1                   0             6001439
                 168                 212                8234                   0                   1                   0                   1                   0             6001904
                 174                 226                9654                   0                   1                   0                   1                   0             6002045
                 210                 252                8438                   0                   1                   0                   1                   0             6002398
                 189                 232                7945                   0                   1                   0                   1                   0             6001685
                 170                 227                8105                   0                   1                   0                   1                   0             6002190
                 187                 222                8597                   0                   1                   0                   1                   0             6001846
                 160                 211                8665                   0                   1                   0                   1                   0             6001890
                 182                 239                6325                   0                   1                   0                   1                   0             6002440
                 247                 315                5550                   0                   1                   0                   1                   0             6002728
                 184                 207                3240                   0                   1                   0                   1                   0             6001910
                 204                 233                3080                   0                   1                   0                   1                   0             6001998
                 153                 191                8363                   0                   1                   0                   1                   0             6001449
                 194                 229                8160                   0                   1                   0                   1                   0             6001931
                 228                 267                4939                   0                   1                   0                   1                   0             6002348
                 181                 225                5197                   0                   1                   0                   1                   0             6001875
                 162                 213                6537                   0                   1                   0                   1                   0             6001794
                 201                 247                5972                   0                   1                   0                   1                   0             6001988
                 225                 254                5882                   0                   1                   0                   1                   0             6001940
                 184                 239                6646                   0                   1                   0                   1                   0             6001928
                 200                 252                6019                   0                   1                   0                   1                   0             6002020
                 210                 253                3798                   0                   1                   0                   1                   0             6001987
                 166                 214                6480                   0                   1                   0                   1                   0             6001731
                 178                 222                6413                   0                   1                   0                   1                   0             6002031
                 196                 248                7169                   0                   1                   0                   1                   0             6002066
                 216                 264                7565                   0                   1                   0                   1                   0             6002251
                 271                 299                6284                   0                   1                   0                   1                   0             6002383
                 180                 202                4269                   0                   1                   0                   1                   0             6001907
                 171                 219                6740                   0                   1                   0                   1                   0             6001801
                 176                 223                2165                   0                   1                   0                   1                   0             6002194
                 191                 230                2883                   0                   1                   0                   1                   0             6001595
                 188                 232                3753                   0                   1                   0                   1                   0             6001930
                 148                 190                4457                   0                   1                   0                   1                   0             6001643
                 194                 216                6793                   0                   1                   0                   1                   0             6001865
                 151                 193                7176                   0                   1                   0                   1                   0             6001691
                 195                 249                5869                   0                   1                   0                   1                   0             6001804
                 152                 201                3482                   0                   1                   0                   1                   0             6001904
                 168                 210                1504                   0                   1                   0                   1                   0             6001783
                 170                 211                1173                   0                   1                   0                   1                   0             6001819
                 173                 221                1171                   0                   1                   0                   1                   0             6001739
                 221                 282                 803                   0                   1                   0                   1                   0             6002204
                 161                 208                2988                   0                   1                   0                   1                   0             6001519
                 137                 163                5734                   0                   1                   0                   1                   0             6001217
                 202                 242                4972                   0                   1                   0                   1                   0             6002057
                 218                 263                6700                   0                   1                   0                   1                   0             6002510
                 264                 295                7418                   0                   1                   0                   1                   0             6002185
                 222                 268                7002                   0                   1                   0                   1                   0             6001913
                 195                 235                8281                   0                   1                   0                   1                   0             6002006
                 168                 242                8427                   0                   1                   0                   1                   0             6001986
                 216                 288                8873                   0                   1                   0                   1                   0             6002208
--------------------------------
              irqlat          irqlat-end        inst_ret_el1        inst_ret_el2              cycles
                 139                 180             9421209                   0             6001225
                 181                 230             9382973                   0             6001820
                 218                 268             9246378                   0             6002082
                 193                 232             9376679                   0             6001913
                 181                 229             9302136                   0             6001823
                 164                 203             9382715                   0             6001916
                 189                 237             9347211                   0             6002204
                 188                 241             9346574                   0             6002009
                 196                 225             9409994                   0             6002120
                 171                 213             9369081                   0             6001780
                 172                 216             9316251                   0             6001768
                 172                 199             9336183                   0             6002045
                 194                 236             9396030                   0             6001871
                 186                 208             9329754                   0             6001719
                 154                 197             9331716                   0             6001532
                 139                 179             9378602                   0             6001898
                 186                 231             9317078                   0             6001929
                 183                 252             9315187                   0             6002018
                 155                 196             9322008                   0             6001805
                 242                 287             9315418                   0             6002629
                 162                 204             9361383                   0             6001461
                 228                 269             9317355                   0             6002428
                 163                 185             9333124                   0             6001659
                 178                 221             9358567                   0             6001607
                 186                 239             9316750                   0             6002305
                 236                 258             9369597                   0             6002174
                 195                 236             9310472                   0             6002220
                 315                 359             9337121                   0             6002772
                 190                 238             9325746                   0             6002035
                 211                 252             9337973                   0             6002464
                 181                 234             9328216                   0             6001934
                 190                 233             9339360                   0             6002118
                 174                 271             9147658                   0             6002143
                 140                 184             9232510                   0             6001716
                 178                 203             9369643                   0             6001658
                 209                 279             9299027                   0             6002637
                 218                 256             9362660                   0             6002128
                 210                 232             9423042                   0             6002106
                 222                 289             9319175                   0             6002310
                 158                 198             9372761                   0             6001655
                 190                 214             9328899                   0             6002017
                 184                 276             9319922                   0             6002007
                 155                 193             9343229                   0             6001618
                 172                 223             9369392                   0             6001971
                 191                 243             9318507                   0             6002455
                 159                 205             9325894                   0             6001690
                 178                 217             9374030                   0             6001809
                 206                 259             9361167                   0             6002260
                 224                 262             9333427                   0             6002100
                 173                 212             9332623                   0             6001759
Press 's' to start...
