--------------------------------
              irqlat          irqlat-end       l1$i_miss_el1       l1$i_miss_el2       l1$d_miss_el1       l1$d_miss_el2       l2$d_miss_el1       l2$d_miss_el2              cycles
                  22                  33                  10                   0               18516                   0                 514                   0            12000029
                  23                  34                  13                   0               12124                   0                   0                   0            12000494
                  22                  33                  13                   0                9940                   0                   0                   0            12000482
                  22                  33                  13                   0               58856                   0                   0                   0            12000472
                  22                  33                  13                   0               18123                   0                   0                   0            12000493
                  22                  34                  13                   0               12134                   0                   0                   0            12000492
                  23                  34                  13                   0               18089                   0                   0                   0            12000491
                  22                  34                  13                   0               58032                   0                   0                   0            12000490
                  22                  34                  13                   0               12113                   0                   0                   0            12000497
                  23                  35                  13                   0                9938                   0                   0                   0            12000499
                  22                  33                  13                   0               19766                   0                   0                   0            12000488
                  22                  36                  14                   0               18129                   0                   0                   0            12000500
                  22                  34                  13                   0               12140                   0                   0                   0            12000489
                  23                  34                  13                   0               18178                   0                   0                   0            12000492
                  23                  34                  13                   0               18111                   0                   0                   0            12000492
                  22                  33                  13                   0               58060                   0                   0                   0            12000488
                  22                  34                  13                   0               18129                   0                   0                   0            12000504
                  22                  33                  13                   0               60123                   0                   0                   0            12000482
                  21                  32                  13                   0               60842                   0                   0                   0            12000473
                  23                  35                  13                   0               18149                   0                   0                   0            12000512
                  20                  31                  14                   0               57563                   0                   0                   0            12000465
                  21                  32                  15                   0              116096                   0                   0                   0            12000490
                  20                  31                  13                   0              170817                   0                   0                   0            12000452
                  23                  34                  13                   0               18076                   0                   0                   0            12000494
                  22                  34                  13                   0               18168                   0                   0                   0            12000498
                  23                  34                  13                   0               12149                   0                   0                   0            12000493
                  22                  33                  13                   0               18140                   0                   0                   0            12000477
                  22                  33                  13                   0               18098                   0                   0                   0            12000486
                  22                  33                  13                   0               58046                   0                   0                   0            12000490
                  23                  34                  13                   0               36406                   0                   0                   0            12000493
                  23                  34                  13                   0               18160                   0                   0                   0            12000491
                  21                  32                  13                   0               57747                   0                   0                   0            12000477
                  23                  34                  13                   0               36390                   0                   0                   0            12000487
                  22                  33                  13                   0               12140                   0                   0                   0            12000493
                  22                  33                  13                   0               12114                   0                   0                   0            12000486
                  22                  33                  13                   0               18153                   0                   0                   0            12000488
                  23                  34                  13                   0               18148                   0                   0                   0            12000496
                  22                  33                  13                   0               13205                   0                   0                   0            12000491
                  22                  33                  13                   0               12136                   0                   0                   0            12000492
                  23                  34                  13                   0               57867                   0                   0                   0            12000486
                  22                  33                  13                   0               18133                   0                   0                   0            12000484
                  22                  33                  13                   0               43391                   0                   0                   0            12000492
                  23                  34                  13                   0               12127                   0                   0                   0            12000488
                  23                  35                  13                   0               43650                   0                   0                   0            12000515
                  23                  34                  13                   0               18115                   0                   0                   0            12000501
                  23                  34                  13                   0               18128                   0                   0                   0            12000487
                  21                  32                  13                   0               58811                   0                   0                   0            12000479
                  22                  33                  13                   0               43414                   0                   0                   0            12000483
                  23                  35                  13                   0                9958                   0                   0                   0            12000506
                  22                  33                  13                   0               36387                   0                   0                   0            12000485
--------------------------------
              irqlat          irqlat-end    tlb_il1_miss_el1    tlb_il1_miss_el2    tlb_dl1_miss_el1    tlb_dl1_miss_el2         mem_acc_el1         mem_acc_el2              cycles
                  22                  35                   0                   0                   0                   0             3680528                   0            12000122
                  20                  31                   0                   0                   0                   0             3680014                   0            12000484
                  23                  34                   0                   0                   0                   0             3706972                   0            12000489
                  22                  33                   0                   0                   0                   0             3711193                   0            12000493
                  23                  34                   0                   0                   0                   0             3811465                   0            12000488
                  23                  34                   0                   0                   0                   0             3725691                   0            12000490
                  23                  35                   0                   0                   0                   0             3710459                   0            12000499
                  23                  34                   0                   0                   0                   0             3711372                   0            12000485
                  23                  34                   0                   0                   0                   0             3713441                   0            12000495
                  22                  33                   0                   0                   0                   0             3707369                   0            12000484
                  22                  33                   0                   0                   0                   0             3714958                   0            12000491
                  21                  32                   0                   0                   0                   0             3808420                   0            12000473
                  22                  33                   0                   0                   0                   0             3703499                   0            12000485
                  22                  33                   0                   0                   0                   0             3711495                   0            12000480
                  20                  33                   0                   0                   0                   0             3701143                   0            12000470
                  22                  33                   0                   0                   0                   0             3708448                   0            12000490
                  23                  34                   0                   0                   0                   0             3713414                   0            12000492
                  22                  33                   0                   0                   0                   0             3900024                   0            12000484
                  22                  33                   0                   0                   0                   0             3714174                   0            12000486
                  22                  33                   0                   0                   0                   0             3743856                   0            12000493
                  23                  34                   0                   0                   0                   0             3711237                   0            12000486
                  21                  32                   0                   0                   0                   0             3677428                   0            12000469
                  22                  33                   0                   0                   0                   0             3714241                   0            12000494
                  23                  34                   0                   0                   0                   0             3694030                   0            12000488
                  22                  34                   0                   0                   0                   0             3709758                   0            12000492
                  22                  34                   0                   0                   0                   0             3713392                   0            12000501
                  23                  35                   0                   0                   0                   0             3710522                   0            12000498
                  22                  33                   0                   0                   0                   0             3709198                   0            12000486
                  22                  33                   0                   0                   0                   0             3713400                   0            12000490
                  22                  33                   0                   0                   0                   0             3707203                   0            12000481
                  22                  35                   0                   0                   0                   0             3697094                   0            12000498
                  23                  34                   0                   0                   0                   0             3703450                   0            12000491
                  23                  35                   0                   0                   0                   0             3838171                   0            12000506
                  23                  34                   0                   0                   0                   0             3713442                   0            12000480
                  22                  33                   0                   0                   0                   0             3708735                   0            12000489
                  23                  34                   0                   0                   0                   0             3714003                   0            12000488
                  22                  33                   0                   0                   0                   0             3711493                   0            12000491
                  22                  33                   0                   0                   0                   0             3706998                   0            12000491
                  21                  32                   0                   0                   0                   0             3703351                   0            12000496
                  20                  31                   0                   0                   0                   0             3614651                   0            12000461
                  23                  34                   0                   0                   0                   0             3706597                   0            12000505
                  22                  34                   0                   0                   0                   0             3710519                   0            12000494
                  22                  33                   0                   0                   0                   0             3713417                   0            12000489
                  23                  35                   0                   0                   0                   0             3711377                   0            12000510
                  23                  34                   0                   0                   0                   0             3729859                   0            12000493
                  23                  34                   0                   0                   0                   0             3794356                   0            12000490
                  23                  34                   0                   0                   0                   0             3705060                   0            12000489
                  23                  35                   0                   0                   0                   0             3703480                   0            12000506
                  22                  33                   0                   0                   0                   0             3714045                   0            12000495
                  23                  35                   0                   0                   0                   0             3729824                   0            12000499
--------------------------------
              irqlat          irqlat-end         bus_acc_el1         bus_acc_el2      exceptions_el1      exceptions_el2            irqs_el1            irqs_el2              cycles
                  22                  34                   1                   0                   1                   0                   1                   0            12000284
                  22                  33                   1                   0                   1                   0                   1                   0            12000488
                  21                  33                   1                   0                   1                   0                   1                   0            12000517
                  21                  32                   1                   0                   1                   0                   1                   0            12000469
                  22                  35                   1                   0                   1                   0                   1                   0            12000506
                  21                  32                   1                   0                   1                   0                   1                   0            12000472
                  23                  34                   1                   0                   1                   0                   1                   0            12000493
                  23                  35                   1                   0                   1                   0                   1                   0            12000510
                  23                  34                   1                   0                   1                   0                   1                   0            12000488
                  23                  34                   1                   0                   1                   0                   1                   0            12000496
                  23                  35                   1                   0                   1                   0                   1                   0            12000505
                  22                  33                   1                   0                   1                   0                   1                   0            12000488
                  23                  34                   1                   0                   1                   0                   1                   0            12000497
                  23                  34                   1                   0                   1                   0                   1                   0            12000496
                  23                  35                   1                   0                   1                   0                   1                   0            12000506
                  22                  33                   1                   0                   1                   0                   1                   0            12000484
                  22                  33                   1                   0                   1                   0                   1                   0            12000489
                  23                  35                   1                   0                   1                   0                   1                   0            12000500
                  23                  35                   1                   0                   1                   0                   1                   0            12000509
                  20                  31                   1                   0                   1                   0                   1                   0            12000452
                  22                  33                   1                   0                   1                   0                   1                   0            12000491
                  23                  34                   1                   0                   1                   0                   1                   0            12000492
                  23                  34                   1                   0                   1                   0                   1                   0            12000493
                  22                  33                   1                   0                   1                   0                   1                   0            12000489
                  23                  34                   1                   0                   1                   0                   1                   0            12000495
                  22                  33                   1                   0                   1                   0                   1                   0            12000480
                  23                  34                   1                   0                   1                   0                   1                   0            12000487
                  22                  33                   1                   0                   1                   0                   1                   0            12000483
                  21                  32                   1                   0                   1                   0                   1                   0            12000466
                  23                  34                   1                   0                   1                   0                   1                   0            12000496
                  23                  34                   1                   0                   1                   0                   1                   0            12000494
                  23                  34                   1                   0                   1                   0                   1                   0            12000487
                  22                  33                   1                   0                   1                   0                   1                   0            12000486
                  23                  34                   1                   0                   1                   0                   1                   0            12000498
                  22                  33                   1                   0                   1                   0                   1                   0            12000491
                  23                  34                   1                   0                   1                   0                   1                   0            12000495
                  22                  34                   1                   0                   1                   0                   1                   0            12000490
                  23                  34                   1                   0                   1                   0                   1                   0            12000496
                  23                  34                   1                   0                   1                   0                   1                   0            12000499
                  22                  33                   1                   0                   1                   0                   1                   0            12000482
                  23                  35                   1                   0                   1                   0                   1                   0            12000509
                  22                  35                   1                   0                   1                   0                   1                   0            12000501
                  22                  33                   1                   0                   1                   0                   1                   0            12000486
                  22                  33                   1                   0                   1                   0                   1                   0            12000486
                  23                  34                   1                   0                   1                   0                   1                   0            12000493
                  23                  34                   1                   0                   1                   0                   1                   0            12000504
                  22                  33                   1                   0                   1                   0                   1                   0            12000480
                  22                  33                   1                   0                   1                   0                   1                   0            12000480
                  22                  33                   1                   0                   1                   0                   1                   0            12000485
                  21                  33                   1                   0                   1                   0                   1                   0            12000483
--------------------------------
              irqlat          irqlat-end        inst_ret_el1        inst_ret_el2              cycles
                  22                  33            18087796                   0            12000296
                  22                  33            18877119                   0            12000480
                  20                  31            18793397                   0            12000465
                  23                  34            18566080                   0            12000494
                  23                  34            18757561                   0            12000494
                  21                  32            18838479                   0            12000505
                  22                  35            18549092                   0            12000494
                  23                  34            18560088                   0            12000492
                  23                  34            19262653                   0            12000500
                  22                  33            18530759                   0            12000488
                  22                  33            18544879                   0            12000479
                  23                  34            18552971                   0            12000493
                  23                  34            18548882                   0            12000499
                  22                  33            18530735                   0            12000494
                  22                  33            18525034                   0            12000487
                  22                  33            18559988                   0            12000486
                  21                  33            19086184                   0            12000484
                  22                  34            18567169                   0            12000495
                  22                  34            18561789                   0            12000489
                  22                  34            18544634                   0            12000505
                  23                  35            18534223                   0            12000505
                  22                  33            18459908                   0            12000479
                  22                  34            18560321                   0            12000496
                  23                  35            18545161                   0            12000510
                  22                  34            18399568                   0            12000498
                  23                  34            18559934                   0            12000493
                  20                  31            19023699                   0            12000483
                  23                  34            18572728                   0            12000487
                  23                  36            18549165                   0            12000519
                  21                  32            18470086                   0            12000472
                  22                  34            18545054                   0            12000478
                  22                  33            18643606                   0            12000484
                  23                  34            18552957                   0            12000489
                  23                  36            18534317                   0            12000513
                  19                  30            18769799                   0            12000477
                  24                  35            18643575                   0            12000506
                  23                  34            18524892                   0            12000495
                  22                  33            18396273                   0            12000475
                  23                  34            18575814                   0            12000494
                  23                  34            18560893                   0            12000491
                  21                  32            19181814                   0            12000505
                  22                  33            18562383                   0            12000483
                  22                  35            18534071                   0            12000500
                  22                  33            18552724                   0            12000485
                  22                  33            18566112                   0            12000486
                  23                  34            18550178                   0            12000494
                  22                  33            18468260                   0            12000483
                  23                  34            18706282                   0            12000493
                  21                  32            18339852                   0            12000476
                  22                  33            18585903                   0            12000511
Press 's' to start...
