--------------------------------
              irqlat          irqlat-end       l1$i_miss_el1       l1$i_miss_el2       l1$d_miss_el1       l1$d_miss_el2       l2$d_miss_el1       l2$d_miss_el2              cycles
                  91                 102                  10                  25               36841                  19                 513                   0            12000025
                  89                 100                  13                  25               58564                  18                   0                   0            12000496
                  90                 102                  13                  25               12193                  19                   0                   0            12000507
                  92                 103                  13                  25               18164                  19                   0                   0            12000511
                  90                 102                  13                  25               57860                  19                   0                   0            12000523
                  91                 103                  13                  24                9997                  19                   0                   0            12000500
                  89                 100                  13                  25               57639                  17                   0                   0            12000509
                  92                 103                  13                  24               18162                  19                   0                   0            12000510
                  91                 103                  13                  25               12223                  19                   0                   0            12000503
                  90                 101                  13                  25               18218                  19                   0                   0            12000506
                  88                 100                  13                  25               58556                  16                   0                   0            12000501
                  89                 101                  13                  25               18157                  19                   0                   0            12000509
                  90                 101                  13                  25               58482                  17                   0                   0            12000507
                  90                 101                  13                  25               18181                  19                   0                   0            12000503
                  92                 103                  13                  25               57563                  19                   0                   0            12000503
                  89                 102                  14                  25               59799                  16                   0                   0            12000521
                  90                 102                  13                  24               57287                  17                   0                   0            12000511
                  90                 101                  13                  24              113918                  16                   0                   0            12000506
                  90                 102                  13                  25               13292                  19                   0                   0            12000518
                  91                 102                  13                  25               13272                  19                   0                   0            12000508
                  91                 104                  14                  25               12203                  19                   0                   0            12000519
                  88                 100                  13                  25               57581                  17                   0                   0            12000509
                  85                  96                  13                  25              167822                  14                   0                   0            12000489
                  91                 103                  13                  25               13328                  19                   0                   0            12000521
                  89                 101                  13                  25               12181                  19                   0                   0            12000499
                  91                 103                  13                  26               58541                  19                   0                   0            12000523
                  88                  99                  13                  24               67525                  17                   0                   0            12000498
                  89                 101                  13                  25               19831                  19                   0                   0            12000520
                  92                 104                  13                  25               12219                  19                   0                   0            12000524
                  92                 105                  13                  25               64967                  19                   0                   0            12000517
                  90                 101                  13                  25               18145                  19                   0                   0            12000505
                  89                 100                  13                  25               58235                  18                   0                   0            12000501
                  91                 103                  13                  25               18185                  19                   0                   0            12000511
                  91                 103                  13                  26               12189                  19                   0                   0            12000521
                  90                 102                  13                  25               12191                  19                   0                   0            12000502
                  90                 101                  13                  25               18192                  19                   0                   0            12000501
                  89                 100                  13                  25               21797                  18                   0                   0            12000501
                  90                 102                  13                  25               58288                  18                   0                   0            12000517
                  90                 101                  13                  25               12173                  19                   0                   0            12000510
                  90                 101                  13                  25               12213                  19                   0                   0            12000499
                  91                 103                  13                  25               21778                  19                   0                   0            12000507
                  91                 102                  13                  25               13264                  19                   0                   0            12000499
                  90                 103                  14                  25               22443                  18                   0                   0            12000517
                  89                 103                  14                  25               43459                  18                   0                   0            12000514
                  90                 102                  13                  25               58918                  18                   0                   0            12000508
                  90                 101                  13                  25               57877                  18                   0                   0            12000505
                  89                 100                  13                  25               18198                  19                   0                   0            12000507
                  91                 102                  13                  25               18182                  19                   0                   0            12000502
                  90                 101                  13                  25               12220                  19                   0                   0            12000501
                  90                 101                  13                  25               12197                  19                   0                   0            12000506
--------------------------------
              irqlat          irqlat-end    tlb_il1_miss_el1    tlb_il1_miss_el2    tlb_dl1_miss_el1    tlb_dl1_miss_el2         mem_acc_el1         mem_acc_el2              cycles
                  90                 102                   0                   0                   0                   0             3770031                 119            12000136
                  92                 106                   0                   0                   0                   0             3706558                 119            12000525
                  90                 101                   0                   0                   0                   0             3714003                 119            12000501
                  91                 103                   0                   0                   0                   0             3652802                 119            12000513
                  91                 104                   0                   0                   0                   0             3785738                 119            12000513
                  92                 104                   0                   0                   0                   0             3714137                 119            12000513
                  92                 103                   0                   0                   0                   0             3714986                 119            12000510
                  91                 104                   0                   0                   0                   0             3706935                 119            12000516
                  90                 102                   0                   0                   0                   0             3722958                 119            12000504
                  87                  98                   0                   0                   0                   0             3684210                 119            12000500
                  90                 101                   0                   0                   0                   0             3707299                 119            12000504
                  89                 100                   0                   0                   0                   0             3736414                 119            12000506
                  92                 104                   0                   0                   0                   0             3714018                 119            12000508
                  90                 102                   0                   0                   0                   0             3769245                 119            12000519
                  90                 102                   0                   0                   0                   0             3713385                 119            12000507
                  90                 102                   0                   0                   0                   0             3710350                 119            12000514
                  90                 103                   0                   0                   0                   0             3713336                 119            12000513
                  93                 104                   0                   0                   0                   0             3710455                 119            12000501
                  90                 102                   0                   0                   0                   0             3706513                 119            12000518
                  92                 104                   0                   0                   0                   0             3711996                 119            12000513
                  92                 104                   0                   0                   0                   0             3706506                 119            12000515
                  91                 102                   0                   0                   0                   0             3714137                 119            12000506
                  91                 102                   0                   0                   0                   0             3714168                 119            12000507
                  91                 102                   0                   0                   0                   0             3711395                 119            12000511
                  90                 101                   0                   0                   0                   0             3729810                 119            12000503
                  90                 102                   0                   0                   0                   0             3678401                 119            12000508
                  90                 101                   0                   0                   0                   0             3716292                 119            12000508
                  91                 102                   0                   0                   0                   0             3710506                 119            12000506
                  90                 101                   0                   0                   0                   0             3705040                 119            12000502
                  92                 104                   0                   0                   0                   0             3714972                 119            12000510
                  90                 102                   0                   0                   0                   0             3705019                 119            12000515
                  91                 104                   0                   0                   0                   0             3712020                 119            12000524
                  89                 100                   0                   0                   0                   0             3745446                 119            12000491
                  89                 100                   0                   0                   0                   0             3760623                 119            12000508
                  90                 101                   0                   0                   0                   0             3716507                 119            12000506
                  91                 103                   0                   0                   0                   0             3707372                 119            12000521
                  88                  99                   0                   0                   0                   0             3732657                 119            12000504
                  91                 102                   0                   0                   0                   0             3710402                 119            12000503
                  90                 102                   0                   0                   0                   0             3714164                 119            12000507
                  91                 104                   0                   0                   0                   0             3716522                 119            12000523
                  92                 103                   0                   0                   0                   0             3709671                 119            12000510
                  92                 103                   0                   0                   0                   0             3711345                 119            12000499
                  90                 102                   0                   0                   0                   0             3713378                 119            12000512
                  91                 102                   0                   0                   0                   0             3716464                 119            12000506
                  91                 105                   0                   0                   0                   0             3714080                 119            12000534
                  90                 102                   0                   0                   0                   0             3713361                 119            12000507
                  88                 100                   0                   0                   0                   0             3744819                 119            12000512
                  91                 104                   0                   0                   0                   0             3713981                 119            12000515
                  88                 100                   0                   0                   0                   0             3890621                 119            12000508
                  90                 102                   0                   0                   0                   0             3714140                 119            12000508
--------------------------------
              irqlat          irqlat-end         bus_acc_el1         bus_acc_el2      exceptions_el1      exceptions_el2            irqs_el1            irqs_el2              cycles
                  92                 105                   1                   2                   1                   1                   2                   0            12000300
                  91                 102                   1                   2                   1                   1                   2                   0            12000508
                  90                 101                   1                   2                   1                   1                   2                   0            12000505
                  90                 102                   1                   2                   1                   1                   2                   0            12000509
                  90                 103                   1                   2                   1                   1                   2                   0            12000515
                  89                 101                   1                   2                   1                   1                   2                   0            12000509
                  92                 103                   1                   2                   1                   1                   2                   0            12000512
                  88                  99                   1                   2                   1                   1                   2                   0            12000498
                  92                 103                   1                   2                   1                   1                   2                   0            12000501
                  91                 102                   1                   2                   1                   1                   2                   0            12000506
                  91                 102                   1                   2                   1                   1                   2                   0            12000501
                  92                 105                   1                   2                   1                   1                   2                   0            12000517
                  90                 101                   1                   2                   1                   1                   2                   0            12000485
                  91                 103                   1                   2                   1                   1                   2                   0            12000506
                  92                 103                   1                   2                   1                   1                   2                   0            12000508
                  91                 103                   1                   2                   1                   1                   2                   0            12000515
                  91                 103                   1                   2                   1                   1                   2                   0            12000508
                  92                 103                   1                   2                   1                   1                   2                   0            12000499
                  89                 100                   1                   2                   1                   1                   2                   0            12000508
                  91                 102                   1                   2                   1                   1                   2                   0            12000499
                  91                 102                   1                   2                   1                   1                   2                   0            12000508
                  91                 103                   1                   2                   1                   1                   2                   0            12000510
                  90                 101                   1                   2                   1                   1                   2                   0            12000506
                  90                 102                   1                   2                   1                   1                   2                   0            12000516
                  91                 103                   1                   2                   1                   1                   2                   0            12000496
                  92                 104                   1                   2                   1                   1                   2                   0            12000522
                  90                 101                   1                   2                   1                   1                   2                   0            12000503
                  92                 103                   1                   2                   1                   1                   2                   0            12000496
                  90                 101                   1                   2                   1                   1                   2                   0            12000505
                  91                 104                   1                   2                   1                   1                   2                   0            12000520
                  91                 103                   1                   2                   1                   1                   2                   0            12000506
                  91                 102                   1                   2                   1                   1                   2                   0            12000494
                  92                 104                   1                   2                   1                   1                   2                   0            12000508
                  88                  99                   1                   2                   1                   1                   2                   0            12000495
                  91                 102                   1                   2                   1                   1                   2                   0            12000512
                  90                 102                   1                   2                   1                   1                   2                   0            12000516
                  90                 102                   1                   2                   1                   1                   2                   0            12000510
                  91                 104                   1                   2                   1                   1                   2                   0            12000523
                  92                 103                   1                   2                   1                   1                   2                   0            12000511
                  90                 101                   1                   2                   1                   1                   2                   0            12000500
                  92                 104                   1                   2                   1                   1                   2                   0            12000519
                  90                 103                   1                   2                   1                   1                   2                   0            12000512
                  92                 103                   1                   2                   1                   1                   2                   0            12000509
                  91                 103                   1                   2                   1                   1                   2                   0            12000509
                  92                 105                   1                   2                   1                   1                   2                   0            12000524
                  91                 103                   1                   2                   1                   1                   2                   0            12000513
                  88                 102                   1                   2                   1                   1                   2                   0            12000520
                  91                 103                   1                   2                   1                   1                   2                   0            12000513
                  92                 105                   1                   2                   1                   1                   2                   0            12000512
                  91                 103                   1                   2                   1                   1                   2                   0            12000504
--------------------------------
              irqlat          irqlat-end        inst_ret_el1        inst_ret_el2              cycles
                  91                 102            18553497                 188            12000352
                  91                 102            18511318                 188            12000500
                  92                 105            18470356                 188            12000514
                  91                 104            18481094                 188            12000524
                  89                 100            18716080                 188            12000511
                  92                 103            18532615                 188            12000495
                  89                 101            18447368                 188            12000517
                  90                 102            18566970                 188            12000505
                  90                 101            18530365                 188            12000501
                  92                 104            18550053                 188            12000517
                  91                 102            18565966                 188            12000502
                  89                 101            18544367                 188            12000512
                  90                 102            18572659                 188            12000517
                  91                 104            18639821                 188            12000513
                  87                  99            18511188                 188            12000520
                  91                 102            18643415                 188            12000509
                  90                 101            18640514                 188            12000492
                  91                 102            18346864                 188            12000499
                  92                 103            18522876                 188            12000506
                  90                 102            18560784                 188            12000519
                  90                 104            18584614                 188            12000530
                  92                 105            18567110                 188            12000514
                  90                 101            18530619                 188            12000503
                  90                 104            18479951                 188            12000522
                  91                 102            18580715                 188            12000501
                  91                 103            18524433                 188            12000511
                  91                 102            18580673                 188            12000511
                  92                 103            18567029                 188            12000509
                  91                 102            18560907                 188            12000507
                  90                 102            18575629                 188            12000508
                  92                 105            18544878                 188            12000518
                  90                 102            18584198                 188            12000505
                  90                 101            18548586                 188            12000504
                  90                 103            18530661                 188            12000516
                  92                 104            18420751                 188            12000503
                  92                 104            18572594                 188            12000503
                  91                 103            18517576                 188            12000511
                  90                 102            18634419                 188            12000517
                  92                 103            18559849                 188            12000502
                  91                 102            18580610                 188            12000497
                  90                 101            18562154                 188            12000510
                  91                 102            18575540                 188            12000503
                  91                 103            18548677                 188            12000516
                  92                 104            18565466                 188            12000509
                  91                 103            18544775                 188            12000523
                  88                  99            18318016                 188            12000493
                  89                 101            18584637                 188            12000510
                  91                 103            18566909                 188            12000526
                  88                 100            18345458                 188            12000504
                  91                 103            18548898                 188            12000519
Press 's' to start...
