--------------------------------
              irqlat          irqlat-end       l1$i_miss_el1       l1$i_miss_el2       l1$d_miss_el1       l1$d_miss_el2       l2$d_miss_el1       l2$d_miss_el2              cycles
                  96                 108                  10                  27               12792                  19                 513                   1            11999243
                  94                 107                  13                  25               12173                  19                   0                   0            12000523
                  94                 106                  13                  25               18250                  19                   0                   0            12000529
                  90                 102                  13                  25               58077                  16                   0                   0            12000520
                  97                 108                  13                  25               20541                  19                   0                   0            12000534
                  93                 106                  13                  25               18262                  19                   0                   0            12000522
                  99                 111                  13                  24               43657                  19                   0                   0            12000541
                  95                 106                  13                  26               12261                  19                   0                   0            12000512
                  93                 106                  14                  25               12260                  19                   0                   1            12000523
                  93                 104                  13                  25               18309                  19                   0                   0            12000508
                  93                 105                  13                  25               43912                  19                   0                   0            12000522
                  92                 103                  13                  25               12198                  19                   0                   0            12000518
                 135                 148                  13                  23               58736                  16                   0                   0            12000520
                  93                 106                  13                  25               44289                  19                   0                   0            12000499
                  94                 105                  13                  25               18346                  19                   0                   0            12000505
                  92                 106                  14                  25               44195                  19                   0                   0            12000528
                  94                 106                  13                  25               18445                  19                   0                   0            12000529
                  94                 105                  13                  25               14354                  19                   0                   0            12000507
                  95                 106                  13                  25               12251                  19                   0                   0            12000527
                  92                 103                  13                  25               52737                  19                   0                   0            12000518
                  96                 108                  13                  25               18312                  19                   0                   0            12000517
                  92                 103                  13                  25               18475                  19                   0                   0            12000494
                  96                 108                  13                  25               13721                  19                   0                   0            12000523
                  96                 108                  13                  25               18204                  19                   0                   0            12000538
                  95                 107                  13                  25               18386                  19                   0                   0            12000539
                  94                 106                  13                  25               15689                  19                   0                   0            12000516
                  93                 106                  13                  25               18243                  19                   0                   0            12000520
                  93                 105                  14                  25               12189                  19                   0                   0            12000505
                 102                 115                  14                  25               28071                  19                   0                   0            12000543
                  96                 107                  13                  25               14551                  19                   0                   0            12000504
                  94                 106                  13                  26               12239                  19                   0                   0            12000504
                  95                 107                  13                  25               19050                  19                   0                   0            12000552
                  92                 104                  13                  25               21611                  19                   0                   0            12000515
                  96                 108                  13                  25               18303                  19                   0                   0            12000521
                  93                 105                  13                  24               36667                  19                   0                   0            12000516
                  90                 103                  13                  24              115460                  18                   0                   0            12000508
                  96                 108                  12                  25               18419                  19                   0                   0            12000534
                  97                 110                  14                  25               12220                  19                   0                   0            12000535
                  94                 105                  13                  26               18349                  19                   0                   0            12000514
                  94                 106                  13                  25               18283                  19                   0                   0            12000524
                  90                 103                  13                  24               25854                  19                   0                   0            12000512
                  93                 105                  13                  25               21202                  19                   0                   0            12000524
                  94                 106                  12                  25               12252                  19                   0                   0            12000540
                  93                 105                  13                  25               21964                  19                   0                   0            12000527
                 166                 177                  13                  24               18272                  19                   0                   0            12000693
                  96                 108                  13                  24               12208                  19                   0                   0            12000529
                  97                 108                  13                  24               41846                  19                   0                   0            12000532
                  98                 110                  13                  24               12246                  19                   0                   0            12000550
                  92                 104                  13                  25               18296                  19                   0                   0            12000507
                  94                 106                  14                  25               18224                  19                   0                   0            12000536
--------------------------------
              irqlat          irqlat-end    tlb_il1_miss_el1    tlb_il1_miss_el2    tlb_dl1_miss_el1    tlb_dl1_miss_el2         mem_acc_el1         mem_acc_el2              cycles
                  93                 105                   0                   0                   0                   1             3722896                 119            11999922
                  96                 107                   0                   0                   0                   0             3717696                 119            12000510
                  93                 104                   0                   0                   0                   0             3737509                 119            12000507
                  90                 103                   0                   0                   0                   0             3749826                 119            12000515
                  97                 109                   0                   0                   0                   0             3765638                 119            12000531
                  96                 107                   0                   0                   0                   0             3718714                 119            12000515
                  93                 106                   0                   0                   0                   0             3719470                 119            12000534
                  95                 107                   0                   0                   0                   0             3722241                 119            12000537
                  94                 105                   0                   0                   0                   0             3716811                 119            12000520
                 124                 136                   0                   0                   0                   0             3770968                 119            12000530
                 134                 147                   0                   0                   0                   0             3728118                 119            12000712
                  92                 103                   0                   0                   0                   0             3734749                 119            12000512
                  89                 101                   0                   0                   0                   0             3635491                 119            12000483
                  94                 105                   0                   0                   0                   0             3728152                 119            12000502
                  93                 105                   0                   0                   0                   0             3724912                 119            12000522
                  94                 106                   0                   0                   0                   0             3735411                 119            12000530
                  92                 103                   0                   0                   0                   0             3752964                 119            12000498
                  97                 109                   0                   0                   0                   0             3728663                 119            12000524
                 104                 117                   0                   0                   0                   0             3737661                 119            12000532
                  92                 105                   0                   0                   0                   0             3715790                 119            12000516
                  94                 105                   0                   0                   0                   0             3716397                 119            12000529
                  92                 104                   0                   0                   0                   0             3715149                 119            12000522
                 134                 146                   0                   0                   0                   0             3733796                 119            12000507
                  94                 106                   0                   0                   0                   0             3728524                 119            12000521
                 186                 198                   0                   0                   0                   0             3716348                 119            12001647
                  91                 104                   0                   0                   0                   0             3688452                 119            12000509
                  93                 104                   0                   0                   0                   0             3716318                 119            12000508
                 128                 140                   0                   0                   0                   0             3727080                 119            12000520
                  94                 106                   0                   0                   0                   0             3735559                 119            12000509
                  94                 105                   0                   0                   0                   0             3731630                 119            12000502
                  94                 107                   0                   0                   0                   0             3745155                 119            12000526
                  93                 105                   0                   0                   0                   0             3753925                 119            12000510
                  98                 109                   0                   0                   0                   0             3716235                 119            12000511
                  96                 109                   0                   0                   0                   0             3752221                 119            12000521
                  94                 105                   0                   0                   0                   0             3736218                 119            12000517
                 158                 171                   0                   0                   0                   0             3716581                 119            12000528
                  94                 106                   0                   0                   0                   0             3718418                 119            12000529
                  95                 107                   0                   0                   0                   0             3721417                 119            12000511
                 210                 221                   0                   0                   0                   0             3719689                 119            12000532
                  96                 107                   0                   0                   0                   0             3726096                 119            12000511
                 155                 167                   0                   0                   0                   0             3722023                 119            12000534
                  96                 109                   0                   0                   0                   0             3720805                 119            12000530
                 150                 162                   0                   0                   0                   0             3715463                 119            12000517
                  94                 106                   0                   0                   0                   0             3752205                 119            12000500
                  96                 108                   0                   0                   0                   0             3725555                 119            12000517
                  96                 107                   0                   0                   0                   0             3720539                 119            12000506
                  91                 103                   0                   0                   0                   0             3721195                 119            12000495
                  93                 104                   0                   0                   0                   0             3771989                 119            12000520
                  94                 106                   0                   0                   0                   0             3731938                 119            12000518
                  95                 107                   0                   0                   0                   0             3716506                 119            12000528
--------------------------------
              irqlat          irqlat-end         bus_acc_el1         bus_acc_el2      exceptions_el1      exceptions_el2            irqs_el1            irqs_el2              cycles
                  93                 105               63394                   2                   1                   1                   2                   0            12000270
                  97                 108                8965                   2                   1                   1                   2                   0            12000536
                  94                 107                9793                   2                   1                   1                   2                   0            12000516
                  92                 103               10121                   2                   1                   1                   2                   0            12000497
                  96                 107               10173                   2                   1                   1                   2                   0            12000531
                  96                 111                9265                   2                   1                   1                   2                   0            12000544
                  98                 110               64922                   2                   1                   1                   2                   0            12000547
                  96                 107               65287                   2                   1                   1                   2                   0            12000501
                 166                 178               67656                  46                   1                   1                   2                   0            12000516
                  91                 104               65564                   2                   1                   1                   2                   0            12000514
                  95                 106               66367                   2                   1                   1                   2                   0            12000504
                  93                 104               63576                   2                   1                   1                   2                   0            12000511
                  95                 108               46203                   2                   1                   1                   2                   0            12000519
                  95                 107               14358                   2                   1                   1                   2                   0            12000522
                  97                 109                9658                   2                   1                   1                   2                   0            12000522
                  96                 107               10349                   2                   1                   1                   2                   0            12000500
                  89                 100               13789                   2                   1                   1                   2                   0            12000507
                  99                 110               10018                   2                   1                   1                   2                   0            12000511
                  91                 102               10613                   2                   1                   1                   2                   0            12000491
                  97                 108                9461                   6                   1                   1                   2                   0            12000515
                  96                 107               14193                   2                   1                   1                   2                   0            12000508
                  94                 105               10098                   2                   1                   1                   2                   0            12000502
                  98                 109               15201                   2                   1                   1                   2                   0            12000495
                 140                 151               63700                  32                   1                   1                   2                   0            12000498
                  94                 107               66171                   2                   1                   1                   2                   0            12000537
                  99                 110               63363                   6                   1                   1                   2                   0            12000511
                  97                 108               63601                   2                   1                   1                   2                   0            12000517
                 130                 142               62925                  22                   1                   1                   2                   0            12001576
                  98                 109               65041                   2                   1                   1                   2                   0            12000512
                  93                 104               62656                   2                   1                   1                   2                   0            12000511
                 100                 111               44691                   2                   1                   1                   2                   0            12000565
                  95                 108               10281                   2                   1                   1                   2                   0            12000512
                 101                 112               10337                   2                   1                   1                   2                   0            12000577
                  91                 104               36074                   2                   1                   1                   2                   0            12000517
                  96                 108               62100                   2                   1                   1                   2                   0            12000515
                  96                 107               63665                   2                   1                   1                   2                   0            12000506
                  93                 106               64676                   2                   1                   1                   2                   0            12000521
                  95                 106               62738                   2                   1                   1                   2                   0            12000534
                  94                 105               64215                   2                   1                   1                   2                   0            12000495
                  89                 101               68661                   2                   1                   1                   2                   0            12000495
                 103                 116               64139                  34                   1                   1                   2                   0            12000586
                  91                 103               62570                   2                   1                   1                   2                   0            12000521
                  91                 103               64327                   2                   1                   1                   2                   0            12000511
                  93                 105               64794                   2                   1                   1                   2                   0            12000506
                  93                 105               67602                   2                   1                   1                   2                   0            12000509
                  97                 108               64262                   6                   1                   1                   2                   0            12000511
                  90                 102               66162                   2                   1                   1                   2                   0            12000504
                  95                 106               62676                   6                   1                   1                   2                   0            12000507
                  94                 107               63218                   2                   1                   1                   2                   0            12000540
                  93                 106               66749                   2                   1                   1                   2                   0            12000533
--------------------------------
              irqlat          irqlat-end        inst_ret_el1        inst_ret_el2              cycles
                  94                 105            18764759                 188            12000356
                  93                 106            18623925                 188            12000515
                  94                 105            18597604                 188            12000499
                  96                 108            18639242                 188            12000538
                  92                 103            18603853                 188            12000517
                  92                 103            18582127                 188            12000511
                  97                 108            18624393                 188            12000529
                  91                 103            18772318                 188            12000500
                  92                 104            18870624                 188            12000524
                  92                 104            18623411                 188            12000507
                  91                 102            18610226                 188            12000506
                  95                 107            18674529                 188            12000511
                  95                 106            18591090                 188            12000496
                  95                 108            18657886                 188            12000516
                 180                 191            18668038                 188            12000698
                  93                 104            18646896                 188            12000507
                 100                 111            18661598                 188            12000562
                  96                 108            18738801                 188            12000544
                 100                 112            18599385                 188            12000537
                 151                 163            18767343                 188            12000630
                  99                 112            18675146                 188            12000538
                  97                 110            18725366                 188            12000526
                  95                 106            18776824                 188            12000525
                  93                 104            18679637                 188            12000507
                 100                 113            18748813                 188            12000547
                  93                 105            18600248                 188            12000511
                  91                 103            18611072                 188            12000509
                  95                 107            18768729                 188            12000531
                  93                 104            18719957                 188            12000518
                 205                 216            18610373                 188            12000512
                  97                 108            18637468                 188            12000509
                  95                 106            18610190                 188            12000525
                  96                 107            18682389                 188            12000519
                  93                 104            18805395                 188            12000522
                  94                 106            18640898                 188            12000502
                  94                 105            18656853                 188            12000509
                  93                 105            18860508                 188            12000500
                  96                 108            18608965                 188            12000506
                  93                 104            18745795                 188            12000515
                  96                 107            18866384                 188            12000509
                  94                 106            18776655                 188            12000520
                  95                 106            18781285                 188            12000496
                  93                 105            18678217                 188            12000531
                  93                 108            18698693                 188            12000530
                  94                 106            18650663                 188            12000511
                 162                 173            18678221                 188            12000504
                  98                 109            18655751                 188            12000526
                  95                 106            18798083                 188            12000523
                  98                 109            18434855                 188            12000521
                  93                 104            18587504                 188            12000508
Press 's' to start...
