--------------------------------
              irqlat          irqlat-end       l1$i_miss_el1       l1$i_miss_el2       l1$d_miss_el1       l1$d_miss_el2       l2$d_miss_el1       l2$d_miss_el2              cycles
                 225                 236                  10                  25               58715                  19                 513                   6            11999757
                 266                 278                  13                  25               12218                  19                   0                   6            12000533
                 224                 235                  13                  25               17426                  19                   0                   6            12000509
                 226                 238                  13                  25               18321                  19                   0                   6            12000550
                 182                 195                  13                  24               20695                  19                   0                   6            12000513
                 194                 208                  14                  25               64576                  17                   0                   6            12000515
                 234                 245                  13                  25               18198                  19                   0                   6            12000531
                 205                 217                  13                  25               12260                  19                   0                   6            12000514
                 222                 233                  13                  25               56665                  19                   0                   6            12000529
                 168                 181                  13                  25               12208                  17                   0                   6            12000516
                 167                 178                  13                  25               12246                  19                   0                   6            12000504
                 220                 231                  13                  25               18302                  19                   0                   6            12000503
                 175                 188                  14                  25              113935                  14                   0                   5            12000569
                 228                 243                  14                  25               16575                  19                   0                   6            12000545
                 184                 196                  13                  25               36664                  19                   0                   6            12000526
                 255                 268                  14                  25               12193                  19                   0                   6            12000527
                 276                 287                  13                  25               18293                  19                   0                   6            12000506
                 231                 242                  13                  25               30985                  19                   0                   6            12000517
                 194                 205                  13                  25               18292                  19                   0                   6            12000522
                 224                 236                  14                  25               13339                  19                   0                   6            12000531
                 227                 239                  13                  25               18256                  19                   0                   6            12000844
                 270                 281                  13                  25               17980                  19                   0                   6            12000650
                 167                 178                  13                  24               26872                  19                   0                   6            12000521
                 277                 290                  13                  25               34741                  17                   0                   6            12000530
                 363                 384                  16                  24               18271                  19                   0                   7            12000883
                 246                 258                  13                  25               14333                  19                   0                   6            12000545
                 238                 250                  13                  24               18368                  19                   0                   6            12000522
                 212                 223                  13                  24               12249                  19                   0                   6            12000508
                 195                 207                  13                  25               12215                  17                   0                   6            12000528
                 227                 238                  13                  25               12274                  19                   0                   6            12000515
                 278                 290                  13                  24               12313                  19                   0                   6            12000553
                 204                 217                  14                  25               18314                  19                   0                   6            12000536
                 197                 208                  13                  25               12232                  19                   0                   6            12000522
                 216                 228                  13                  25               18302                  19                   0                   6            12000526
                 229                 241                  13                  25               25315                  19                   0                   6            12000512
                 304                 316                  13                  25               12259                  19                   0                   6            12000551
                 229                 240                  13                  24               18262                  19                   0                   6            12000520
                 197                 208                  13                  25               17527                  19                   0                   6            12000510
                 274                 287                  14                  25               22662                  18                   0                   6            12000545
                 235                 247                  13                  25               13707                  19                   0                   6            12000520
                 243                 255                  13                  25               37074                  19                   0                   6            12000505
                 366                 378                  12                  25               18167                  19                   0                   6            12000895
                 196                 207                  13                  25               12887                  19                   0                   6            12000534
                 230                 241                  13                  25               18297                  19                   0                   6            12000516
                 244                 256                  13                  25               18344                  19                   0                   6            12000546
                 263                 286                  13                  25               12208                  19                   0                   6            12000748
                 182                 194                  13                  25               18278                  19                   0                   6            12000540
                 164                 175                  13                  25               12194                  19                   0                   6            12000540
                 245                 258                  13                  25               21996                  19                   0                   6            12000531
                 250                 261                  13                  25               18289                  19                   0                   6            12001240
--------------------------------
              irqlat          irqlat-end    tlb_il1_miss_el1    tlb_il1_miss_el2    tlb_dl1_miss_el1    tlb_dl1_miss_el2         mem_acc_el1         mem_acc_el2              cycles
                 189                 202                   0                   0                   0                   1             3701353                 119            12000029
                 140                 153                   0                   0                   0                   0             3752639                 119            12000526
                 201                 212                   0                   0                   0                   0             3686755                 119            12000491
                 176                 188                   0                   0                   0                   0             3759190                 119            12000523
                 292                 303                   0                   0                   0                   0             3745914                 119            12000510
                 188                 199                   0                   0                   0                   0             3753414                 119            12000511
                 176                 187                   0                   0                   0                   0             3722120                 119            12000508
                 213                 224                   0                   0                   0                   0             3754422                 119            12000515
                 197                 209                   0                   0                   0                   0             3684008                 119            12000525
                 196                 208                   0                   0                   0                   0             3731324                 119            12000515
                 289                 301                   0                   0                   0                   0             3734386                 119            12000533
                 232                 244                   0                   0                   0                   0             3766998                 119            12000533
                 187                 198                   0                   0                   0                   0             3727975                 119            12000525
                 219                 232                   0                   0                   0                   0             3721754                 119            12000542
                 200                 211                   0                   0                   0                   0             3716414                 119            12000521
                 224                 236                   0                   0                   0                   0             3729566                 119            12000684
                 296                 307                   0                   0                   0                   0             3724982                 119            12001470
                 263                 275                   0                   0                   0                   0             3748480                 119            12000532
                 307                 319                   0                   0                   0                   0             3725767                 119            12000526
                 238                 249                   0                   0                   0                   0             3726171                 119            12000532
                 228                 240                   0                   0                   0                   0             3721603                 119            12000531
                 213                 224                   0                   0                   0                   0             3680659                 119            12000511
                 268                 280                   0                   0                   0                   0             3722786                 119            12000523
                 202                 214                   0                   0                   0                   0             3725064                 119            12000537
                 175                 186                   0                   0                   0                   0             3721695                 119            12000501
                 204                 216                   0                   0                   0                   0             3726818                 119            12000516
                 220                 232                   0                   0                   0                   0             3715868                 119            12000544
                 226                 238                   0                   0                   0                   0             3720496                 119            12000561
                 204                 216                   0                   0                   0                   0             3725110                 119            12000526
                 267                 279                   0                   0                   0                   0             3722588                 119            12000551
                 206                 218                   0                   0                   0                   0             3718244                 119            12000517
                 192                 203                   0                   0                   0                   0             3722287                 119            12000505
                 193                 205                   0                   0                   0                   0             3715143                 119            12000521
                 192                 203                   0                   0                   0                   0             3731584                 119            12000505
                 245                 257                   0                   0                   0                   0             3719409                 119            12000540
                 214                 226                   0                   0                   0                   0             3736867                 119            12000513
                 311                 322                   0                   0                   0                   0             3725910                 119            12000518
                 161                 172                   0                   0                   0                   0             3715314                 119            12000514
                 210                 221                   0                   0                   0                   0             3730259                 119            12000513
                 164                 177                   0                   0                   0                   0             3717893                 119            12000543
                 203                 216                   0                   0                   0                   0             3739872                 119            12000546
                 214                 225                   0                   0                   0                   0             3720558                 119            12000517
                 217                 229                   0                   0                   0                   0             3723922                 119            12000514
                 283                 294                   0                   0                   0                   0             3737475                 119            12000505
                 254                 267                   0                   0                   0                   0             3716038                 119            12000530
                 229                 242                   0                   0                   0                   0             3718626                 119            12000529
                 195                 206                   0                   0                   0                   0             3721504                 119            12000530
                 291                 302                   0                   0                   0                   0             3718667                 119            12000530
                 284                 295                   0                   0                   0                   0             3721999                 119            12000526
                 181                 192                   0                   0                   0                   0             3717205                 119            12000520
--------------------------------
              irqlat          irqlat-end         bus_acc_el1         bus_acc_el2      exceptions_el1      exceptions_el2            irqs_el1            irqs_el2              cycles
                 208                 221                9525                  26                   1                   1                   2                   0            12000322
                 176                 187               10066                  26                   1                   1                   2                   0            12000510
                 198                 210               37829                  30                   1                   1                   2                   0            12000554
                 194                 205               24757                  26                   1                   1                   2                   0            12000514
                 182                 193               11341                  30                   1                   1                   2                   0            12000504
                 184                 196               33025                  26                   1                   1                   2                   0            12000526
                 200                 211               18474                  26                   1                   1                   2                   0            12000528
                 271                 284               22321                  26                   1                   1                   2                   0            12000524
                 273                 284               64153                  26                   1                   1                   2                   0            12000529
                 170                 181               67177                  38                   1                   1                   2                   0            12000555
                 186                 199               39309                  26                   1                   1                   2                   0            12000548
                 207                 218               10401                  26                   1                   1                   2                   0            12000521
                 219                 231               11037                  30                   1                   1                   2                   0            12000521
                 159                 171               16105                  22                   1                   1                   2                   0            12000513
                 170                 183                9125                  26                   1                   1                   2                   0            12000521
                 268                 280                9749                  26                   1                   1                   2                   0            12000539
                 190                 202                9179                  26                   1                   1                   2                   0            12000528
                 205                 217               10361                  26                   1                   1                   2                   0            12000514
                 172                 183                8485                  26                   1                   1                   2                   0            12000516
                 202                 214               10606                  26                   1                   1                   2                   0            12000502
                 177                 188                9697                  26                   1                   1                   2                   0            12000516
                 215                 226                8793                  26                   1                   1                   2                   0            12000506
                 215                 226                8613                  26                   1                   1                   2                   0            12000500
                 280                 291                9081                  30                   1                   1                   2                   0            12000513
                 183                 196               49240                  50                   1                   1                   2                   0            12000522
                 224                 236               64451                  30                   1                   1                   2                   0            12000522
                 230                 243               62650                  26                   1                   1                   2                   0            12000548
                 204                 215               64775                  26                   1                   1                   2                   0            12000499
                 238                 250               25417                  26                   1                   1                   2                   0            12000524
                 234                 246               31558                  26                   1                   1                   2                   0            12000527
                 181                 194               27689                  26                   1                   1                   2                   0            12000515
                 192                 204                9737                  26                   1                   1                   2                   0            12000529
                 179                 191               10289                  26                   1                   1                   2                   0            12000511
                 191                 203                8886                  26                   1                   1                   2                   0            12000517
                 230                 241                9257                  26                   1                   1                   2                   0            12000535
                 197                 208               11385                  26                   1                   1                   2                   0            12000526
                 259                 272               10693                  26                   1                   1                   2                   0            12000532
                 242                 253                9949                  22                   1                   1                   2                   0            12000531
                 189                 203                9929                  26                   1                   1                   2                   0            12000546
                 151                 164               60925                  26                   1                   1                   2                   0            12000516
                 247                 259               67286                  26                   1                   1                   2                   0            12000518
                 221                 232               66005                  34                   1                   1                   2                   0            12000530
                 201                 212               63167                  26                   1                   1                   2                   0            12000544
                 226                 237               64593                  26                   1                   1                   2                   0            12000515
                 222                 233               67858                  26                   1                   1                   2                   0            12000537
                 181                 192               64175                  26                   1                   1                   2                   0            12000511
                 161                 173               19933                  30                   1                   1                   2                   0            12000551
                 242                 253               50762                  26                   1                   1                   2                   0            12000527
                 209                 221               62621                  26                   1                   1                   2                   0            12000548
                 207                 220               62505                  26                   1                   1                   2                   0            12000529
--------------------------------
              irqlat          irqlat-end        inst_ret_el1        inst_ret_el2              cycles
                 209                 221            18585657                 188            12000358
                 233                 244            18580196                 188            12000794
                 205                 218            18597073                 188            12000537
                 177                 188            18748212                 188            12000519
                 354                 365            18649785                 188            12001029
                 161                 172            18578019                 188            12000509
                 180                 191            18650201                 188            12000534
                 187                 198            18582681                 188            12000504
                 181                 194            18606582                 188            12000540
                 189                 200            18578708                 188            12000508
                 204                 217            18905443                 188            12000526
                 279                 291            18582075                 188            12000534
                 182                 193            18700610                 188            12000517
                 185                 199            18611540                 188            12000540
                 175                 187            18599755                 188            12000553
                 238                 249            18726151                 188            12000538
                 188                 199            18683566                 188            12000509
                 221                 233            18583308                 188            12000530
                 194                 207            18673683                 188            12000529
                 220                 231            18733758                 188            12000522
                 247                 260            18601750                 188            12000523
                 247                 259            18629886                 188            12000516
                 208                 219            18678217                 188            12000536
                 220                 231            18686228                 188            12000504
                 185                 198            18693407                 188            12000516
                 193                 205            18657891                 188            12000505
                 259                 270            18778894                 188            12000521
                 215                 227            18741077                 188            12000519
                 234                 246            18644887                 188            12000527
                 221                 232            18631517                 188            12000718
                 197                 210            18729794                 188            12000521
                 224                 237            18660548                 188            12000518
                 284                 296            18614545                 188            12000508
                 269                 281            18638982                 188            12000616
                 193                 206            18599908                 188            12000559
                 211                 224            18701777                 188            12000542
                 219                 232            18616056                 188            12000519
                 247                 258            18642074                 188            12000531
                 180                 191            18460336                 188            12000503
                 224                 235            18767614                 188            12000520
                 200                 213            18614899                 188            12000518
                 186                 197            18657797                 188            12000502
                 170                 182            18779427                 188            12000519
                 217                 228            18770340                 188            12000504
                 233                 245            18775865                 188            12000517
                 221                 232            18645963                 188            12000505
                 208                 219            18698645                 188            12000520
                 194                 206            18606580                 188            12000505
                 209                 220            18692427                 188            12000528
                 209                 221            18625342                 188            12000526
Press 's' to start...
