--------------------------------
              irqlat          irqlat-end       l1$i_miss_el1       l1$i_miss_el2       l1$d_miss_el1       l1$d_miss_el2       l2$d_miss_el1       l2$d_miss_el2              cycles
                  91                 102                  10                  25               18604                  19                 513                   0            12000051
                  92                 103                  13                  25               36429                  19                   0                   0            12000508
                  90                 102                  14                  25               36354                  19                   0                   0            12000515
                  91                 104                  13                  25               12185                  19                   0                   0            12000516
                  92                 105                  13                  25               22781                  19                   0                   0            12000526
                  91                 103                  13                  25               18155                  19                   0                   0            12000522
                  90                 101                  14                  25               18181                  19                   0                   0            12000505
                  92                 104                  13                  25               13266                  19                   0                   0            12000514
                  91                 103                  13                  25               10023                  19                   0                   0            12000513
                  91                 102                  13                  25               12179                  19                   0                   0            12000506
                  91                 105                  14                  25               12202                  19                   0                   0            12000530
                  91                 103                  13                  25               18198                  19                   0                   0            12000512
                  92                 104                  13                  25               12209                  19                   0                   0            12000514
                  91                 105                  14                  25               13258                  19                   0                   0            12000535
                  91                 102                  13                  25               12192                  19                   0                   0            12000510
                  91                 103                  13                  25               18225                  19                   0                   0            12000521
                  92                 104                  14                  26               12209                  19                   0                   0            12000522
                  92                 104                  13                  25               12198                  19                   0                   0            12000521
                  92                 103                  13                  25               12194                  19                   0                   0            12000513
                  90                 102                  13                  25               43851                  18                   0                   0            12000515
                  92                 104                  13                  24               18216                  19                   0                   0            12000515
                  90                 102                  13                  25               18170                  19                   0                   0            12000520
                  91                 104                  13                  25               13321                  19                   0                   0            12000531
                  92                 103                  13                  25               18195                  19                   0                   0            12000510
                  92                 104                  13                  25               18171                  19                   0                   0            12000517
                  90                 101                  13                  25               43806                  18                   0                   0            12000514
                  91                 105                  14                  25               18194                  19                   0                   0            12000533
                  92                 103                  13                  25               12208                  19                   0                   0            12000503
                  91                 102                  13                  25               59377                  19                   0                   0            12000505
                  88                 100                  13                  25               43993                  18                   0                   0            12000504
                  90                 102                  13                  24               57854                  16                   0                   0            12000513
                  90                 101                  13                  25               18195                  19                   0                   0            12000506
                  91                 102                  13                  24               43602                  19                   0                   0            12000493
                  91                 102                  13                  25               18163                  19                   0                   0            12000513
                  89                 101                  13                  25               43570                  18                   0                   0            12000511
                  92                 103                  13                  25               12174                  19                   0                   0            12000521
                  92                 104                  13                  25               12210                  19                   0                   0            12000509
                  91                 102                  13                  25               18218                  19                   0                   0            12000507
                  92                 105                  13                  24               12200                  19                   0                   0            12000517
                  88                 100                  13                  25               21816                  18                   0                   0            12000513
                  90                 102                  13                  25               21806                  18                   0                   0            12000513
                  90                 103                  13                  25               59249                  16                   0                   0            12000519
                  90                 102                  13                  25               21802                  19                   0                   0            12000528
                  90                 103                  13                  25               18183                  19                   0                   0            12000520
                  89                 101                  13                  24               58118                  17                   0                   0            12000525
                  91                 104                  13                  25               19860                  19                   0                   0            12000527
                  88                  99                  13                  25               57953                  19                   0                   0            12000469
                  89                 101                  13                  24              169408                  12                   0                   0            12000516
                  91                 103                  13                  25               43778                  18                   0                   0            12000527
                  91                 103                  13                  25               18156                  19                   0                   0            12000523
--------------------------------
              irqlat          irqlat-end    tlb_il1_miss_el1    tlb_il1_miss_el2    tlb_dl1_miss_el1    tlb_dl1_miss_el2         mem_acc_el1         mem_acc_el2              cycles
                  91                 103                   0                   0                   0                   0             3714809                 119            12000163
                  90                 102                   0                   0                   0                   0             3711294                 119            12000503
                  89                 100                   0                   0                   0                   0             3847555                 119            12000492
                  91                 102                   0                   0                   0                   0             3711438                 119            12000508
                  90                 102                   0                   0                   0                   0             3699330                 119            12000516
                  91                 103                   0                   0                   0                   0             3693251                 119            12000501
                  90                 102                   0                   0                   0                   0             3714945                 119            12000521
                  92                 105                   0                   0                   0                   0             3707368                 119            12000502
                  88                 100                   0                   0                   0                   0             3808923                 119            12000514
                  91                 102                   0                   0                   0                   0             3705014                 119            12000513
                  92                 103                   0                   0                   0                   0             3711170                 119            12000507
                  91                 105                   0                   0                   0                   0             3711147                 119            12000516
                  92                 104                   0                   0                   0                   0             3713996                 119            12000505
                  91                 103                   0                   0                   0                   0             3708667                 119            12000520
                  93                 104                   0                   0                   0                   0             3859238                 119            12000510
                  92                 103                   0                   0                   0                   0             3678431                 119            12000507
                  89                 101                   0                   0                   0                   0             3714082                 119            12000506
                  88                 100                   0                   0                   0                   0             3649667                 119            12000498
                  92                 103                   0                   0                   0                   0             3707390                 119            12000508
                  89                 100                   0                   0                   0                   0             3678373                 119            12000510
                  92                 104                   0                   0                   0                   0             3716494                 119            12000514
                  90                 101                   0                   0                   0                   0             3706623                 119            12000505
                  92                 103                   0                   0                   0                   0             3709711                 119            12000505
                  91                 103                   0                   0                   0                   0             3708694                 119            12000516
                  89                 101                   0                   0                   0                   0             3782907                 119            12000498
                  90                 103                   0                   0                   0                   0             3710541                 119            12000515
                  88                  99                   0                   0                   0                   0             3681326                 119            12000513
                  90                 102                   0                   0                   0                   0             3716512                 119            12000506
                  91                 103                   0                   0                   0                   0             3714176                 119            12000511
                  91                 102                   0                   0                   0                   0             3721991                 119            12000508
                  91                 103                   0                   0                   0                   0             3717370                 119            12000509
                  91                 103                   0                   0                   0                   0             3714933                 119            12000524
                  90                 101                   0                   0                   0                   0             3714205                 119            12000502
                  90                 102                   0                   0                   0                   0             3707388                 119            12000525
                  90                 101                   0                   0                   0                   0             3746846                 119            12000510
                  90                 104                   0                   0                   0                   0             3714943                 119            12000532
                  92                 103                   0                   0                   0                   0             3703410                 119            12000504
                  88                 101                   0                   0                   0                   0             3673382                 119            12000505
                  89                 100                   0                   0                   0                   0             3742398                 119            12000511
                  88                 100                   0                   0                   0                   0             3760792                 119            12000505
                  90                 101                   0                   0                   0                   0             3704973                 119            12000509
                  91                 103                   0                   0                   0                   0             3714605                 119            12000508
                  92                 104                   0                   0                   0                   0             3703357                 119            12000504
                  91                 103                   0                   0                   0                   0             3729827                 119            12000528
                  87                 100                   0                   0                   0                   0             3688338                 119            12000502
                  92                 104                   0                   0                   0                   0             3706539                 119            12000513
                  92                 104                   0                   0                   0                   0             3716324                 119            12000527
                  92                 104                   0                   0                   0                   0             3704985                 119            12000517
                  91                 102                   0                   0                   0                   0             3728299                 119            12000509
                  89                 101                   0                   0                   0                   0             3711982                 119            12000502
--------------------------------
              irqlat          irqlat-end         bus_acc_el1         bus_acc_el2      exceptions_el1      exceptions_el2            irqs_el1            irqs_el2              cycles
                  91                 103                   1                   2                   1                   1                   2                   0            12000338
                  90                 101                   1                   2                   1                   1                   2                   0            12000513
                  91                 104                   1                   2                   1                   1                   2                   0            12000511
                  90                 102                   1                   2                   1                   1                   2                   0            12000503
                  90                 102                   1                   2                   1                   1                   2                   0            12000521
                  90                 102                   1                   2                   1                   1                   2                   0            12000505
                  92                 104                   1                   2                   1                   1                   2                   0            12000517
                  90                 102                   1                   2                   1                   1                   2                   0            12000516
                  89                 100                   1                   2                   1                   1                   2                   0            12000510
                  92                 103                   1                   2                   1                   1                   2                   0            12000505
                  90                 102                   1                   2                   1                   1                   2                   0            12000505
                  90                 101                   1                   2                   1                   1                   2                   0            12000500
                  88                 100                   1                   2                   1                   1                   2                   0            12000488
                  84                  97                   1                   2                   1                   1                   2                   0            12000484
                  89                 101                   1                   2                   1                   1                   2                   0            12000511
                  89                 102                   1                   2                   1                   1                   2                   0            12000505
                  88                  99                   1                   2                   1                   1                   2                   0            12000483
                  90                 102                   1                   2                   1                   1                   2                   0            12000523
                  91                 103                   1                   2                   1                   1                   2                   0            12000524
                  88                  99                   1                   2                   1                   1                   2                   0            12000501
                  92                 103                   1                   2                   1                   1                   2                   0            12000505
                  91                 102                   1                   2                   1                   1                   2                   0            12000505
                  89                 101                   1                   2                   1                   1                   2                   0            12000518
                  90                 101                   1                   2                   1                   1                   2                   0            12000504
                  91                 102                   1                   2                   1                   1                   2                   0            12000506
                  90                 102                   1                   2                   1                   1                   2                   0            12000527
                  91                 102                   1                   2                   1                   1                   2                   0            12000505
                  91                 104                   1                   2                   1                   1                   2                   0            12000523
                  91                 102                   1                   2                   1                   1                   2                   0            12000515
                  91                 102                   1                   2                   1                   1                   2                   0            12000501
                  92                 103                   1                   2                   1                   1                   2                   0            12000505
                  92                 104                   1                   2                   1                   1                   2                   0            12000522
                  92                 103                   1                   2                   1                   1                   2                   0            12000505
                  92                 106                   1                   2                   1                   1                   2                   0            12000530
                  91                 102                   1                   2                   1                   1                   2                   0            12000489
                  92                 105                   1                   2                   1                   1                   2                   0            12000522
                  91                 103                   1                   2                   1                   1                   2                   0            12000524
                  91                 103                   1                   2                   1                   1                   2                   0            12000507
                  92                 103                   1                   2                   1                   1                   2                   0            12000515
                  91                 103                   1                   2                   1                   1                   2                   0            12000513
                  92                 104                   1                   2                   1                   1                   2                   0            12000524
                  90                 101                   1                   2                   1                   1                   2                   0            12000510
                  90                 101                   1                   2                   1                   1                   2                   0            12000500
                  91                 102                   1                   2                   1                   1                   2                   0            12000505
                  93                 104                   1                   2                   1                   1                   2                   0            12000508
                  92                 103                   1                   2                   1                   1                   2                   0            12000507
                  92                 105                   1                   2                   1                   1                   2                   0            12000518
                  91                 103                   1                   2                   1                   1                   2                   0            12000526
                  90                 102                   1                   2                   1                   1                   2                   0            12000519
                  91                 103                   1                   2                   1                   1                   2                   0            12000511
--------------------------------
              irqlat          irqlat-end        inst_ret_el1        inst_ret_el2              cycles
                  92                 103            18533427                 188            12000338
                  90                 101            18575234                 188            12000506
                  90                 102            18550172                 188            12000516
                  90                 102            19077341                 188            12000521
                  91                 104            18565985                 188            12000516
                  88                 101            18604080                 188            12000525
                  90                 103            18561972                 188            12000521
                  92                 105            18530465                 188            12000526
                  91                 102            18552422                 188            12000514
                  90                 102            18562220                 188            12000518
                  90                 101            18533967                 188            12000510
                  91                 102            18580631                 188            12000507
                  92                 103            18549116                 188            12000508
                  90                 101            18559944                 188            12000504
                  92                 104            18534071                 188            12000516
                  90                 102            18567075                 188            12000521
                  90                 102            18565829                 188            12000517
                  92                 104            18573967                 188            12000519
                  89                 101            19342052                 188            12000498
                  90                 101            18574045                 188            12000510
                  93                 105            18643540                 188            12000521
                  88                  99            18190854                 188            12000509
                  92                 103            18580526                 188            12000505
                  90                 101            18533983                 188            12000509
                  90                 102            18646934                 188            12000517
                  90                 101            18567077                 188            12000507
                  91                 103            18575248                 188            12000503
                  92                 104            18960510                 188            12000523
                  89                 101            18554374                 188            12000499
                  90                 102            18560528                 188            12000515
                  91                 103            18530543                 188            12000510
                  92                 103            18574037                 188            12000510
                  91                 103            18567085                 188            12000511
                  90                 101            18524861                 188            12000513
                  90                 102            18992908                 188            12000497
                  92                 106            18530484                 188            12000532
                  91                 103            18524892                 188            12000516
                  92                 104            18580631                 188            12000513
                  91                 103            18549992                 188            12000504
                  93                 106            18524274                 188            12000542
                  91                 102            18550107                 188            12000515
                  90                 102            18524373                 188            12000516
                  89                 101            19392734                 188            12000517
                  92                 103            18554519                 188            12000505
                  90                 102            18584755                 188            12000500
                  90                 102            18503858                 188            12000525
                  90                 101            18552630                 188            12000505
                  91                 104            18552712                 188            12000514
                  91                 104            18643342                 188            12000530
                  88                 100            18360693                 188            12000511
Press 's' to start...
