--------------------------------
              irqlat          irqlat-end       l1$i_miss_el1       l1$i_miss_el2       l1$d_miss_el1       l1$d_miss_el2       l2$d_miss_el1       l2$d_miss_el2              cycles
                 719                 747                  11                  24               18762                  19                 535                  40            12000662
                 842                 853                  13                  24               12269                  17                  24                  40            12003585
                 786                 803                  13                  24               18227                  19                  25                  40            12003982
                 702                 736                  12                  24               12251                  19                  23                  40            12003456
                 705                 723                  12                  24               23267                  19                  24                  40            12003435
                 700                 717                  13                  24               22059                  18                  25                  39            12003794
                 666                 696                  13                  24               18349                  19                  25                  40            12003110
                 739                 770                  13                  24               36761                  19                  25                  40            12004751
                 688                 725                  13                  24               12203                  19                  25                  40            12003586
                 707                 722                  12                  24               12198                  19                  22                  40            12002983
                 932                 964                  12                  24               58505                  17                  24                  38            12003914
                 731                 765                  14                  24               19198                  19                  25                  40            12003100
                 787                 821                  12                  24               15234                  19                  25                  40            12004430
                 668                 697                  12                  24               18203                  19                  24                  40            12003244
                 732                 764                  13                  24               18366                  19                  26                  40            12003384
                 794                 832                  13                  24               12282                  19                  25                  40            12002963
                 898                 927                  13                  24               12256                  19                  26                  40            12003992
                 705                 737                  12                  24               18324                  19                  25                  40            12004283
                 746                 836                  13                  24               12233                  19                  25                  40            12004589
                 638                 668                  12                  24               17315                  19                  24                  40            12003625
                 738                 756                  12                  24               12186                  19                  25                  40            12004031
                 659                 690                  12                  24               12207                  19                  28                  40            12003476
                 632                 662                  13                  24               18483                  19                  31                  40            12003115
                 647                 677                  13                  24               18330                  19                  28                  40            12002774
                 635                 680                  13                  24               18308                  19                  28                  40            12004396
                 716                 728                  14                  24               43361                  17                  30                  39            12003882
                 754                 789                  12                  24               12247                  19                  25                  40            12003650
                 713                 733                  12                  23               18370                  19                  24                  40            12003526
                 658                 688                  13                  24               18309                  17                  26                  40            12003604
                 732                 764                  13                  24              114574                  13                  22                  43            12003443
                 779                 790                  13                  24               12244                  19                  25                  40            12003282
                 762                 794                  13                  24               18266                  19                  26                  40            12003501
                 692                 706                  13                  24               18270                  19                  26                  40            12003411
                 748                 782                  13                  23               22040                  19                  25                  40            12003451
                 800                 833                  13                  24               32962                  19                  25                  40            12003548
                 736                 772                  12                  24               18343                  19                  25                  40            12003548
                 750                 780                  13                  24               18382                  19                  24                  40            12003577
                 713                 730                  12                  24               12212                  19                  24                  40            12003352
                 822                 853                  12                  24               12277                  19                  24                  40            12003276
                 653                 681                  12                  24               12207                  19                  23                  40            12003124
                 853                 889                  13                  24               57924                  15                  26                  45            12004384
                 942                 968                  13                  24               43902                  20                  25                  40            12003844
                 765                 796                  13                  24               18268                  19                  25                  40            12004091
                 707                 738                  13                  23               22238                  19                  24                  40            12004015
                 704                 737                  13                  24               31968                  19                  25                  40            12003687
                 663                 720                  13                  24               18292                  19                  24                  40            12003653
                 856                 868                  13                  24               12277                  19                  24                  40            12004153
                 649                 711                  12                  24               18358                  19                  24                  40            12003991
                 678                 694                  13                  24               57762                  16                  23                  46            12003811
                 720                 780                  13                  24               12265                  19                  24                  40            12004610
--------------------------------
              irqlat          irqlat-end    tlb_il1_miss_el1    tlb_il1_miss_el2    tlb_dl1_miss_el1    tlb_dl1_miss_el2         mem_acc_el1         mem_acc_el2              cycles
                 759                 772                   0                   0                   0                   0             3718005                 119            12001877
                 755                 768                   0                   0                   0                   0             3693823                 119            12005277
                 681                 712                   0                   0                   0                   0             3754322                 119            12003320
                 759                 797                   0                   0                   0                   0             3726110                 119            12004078
                 734                 751                   0                   0                   0                   0             3721809                 119            12003340
                 776                 809                   0                   0                   0                   0             3723729                 119            12003985
                 825                 850                   0                   0                   0                   0             3727593                 119            12003747
                 727                 760                   0                   0                   0                   0             3741397                 119            12003657
                 760                 777                   0                   0                   0                   0             3724442                 119            12003940
                 779                 794                   0                   0                   0                   0             3724533                 119            12004094
                 746                 775                   0                   0                   0                   0             3740883                 119            12003422
                 806                 823                   0                   0                   0                   0             3718458                 119            12003822
                 671                 705                   0                   0                   0                   0             3773986                 119            12003062
                 670                 702                   0                   0                   0                   0             3759786                 119            12003081
                 819                 838                   0                   0                   0                   0             3726773                 119            12004720
                 680                 726                   0                   0                   0                   0             3722332                 119            12003747
                 776                 792                   0                   0                   0                   0             3728446                 119            12004960
                 771                 803                   0                   0                   0                   0             3725038                 119            12003283
                 815                 850                   0                   0                   0                   0             3719066                 119            12003731
                 655                 689                   0                   0                   0                   0             3732945                 119            12003034
                 688                 700                   0                   0                   0                   0             3724322                 119            12003459
                 818                 847                   0                   0                   0                   0             3731265                 119            12003355
                 779                 796                   0                   0                   0                   0             3745743                 119            12003931
                 665                 700                   0                   0                   0                   0             3745240                 119            12002907
                 711                 747                   0                   0                   0                   0             3726760                 119            12003877
                 701                 744                   0                   0                   0                   0             3734604                 119            12004160
                 858                 892                   0                   0                   0                   0             3719414                 119            12004283
                 687                 706                   0                   0                   0                   0             3743581                 119            12003680
                 662                 695                   0                   0                   0                   0             3736876                 119            12004515
                 769                 785                   0                   0                   0                   0             3727934                 119            12003725
                 785                 820                   0                   0                   0                   0             3742259                 119            12003610
                 729                 756                   0                   0                   0                   0             3743932                 119            12004282
                 708                 743                   0                   0                   0                   0             3762318                 119            12004004
                 786                 818                   0                   0                   0                   0             3754618                 119            12004133
                 811                 842                   0                   0                   0                   0             3723448                 119            12004306
                 701                 731                   0                   0                   0                   0             3731060                 119            12003441
                 722                 758                   0                   0                   0                   0             3736187                 119            12003781
                 747                 766                   0                   0                   0                   0             3734973                 119            12004087
                 787                 806                   0                   0                   0                   0             3721156                 119            12004433
                 672                 707                   0                   0                   0                   0             3734285                 119            12003687
                 743                 764                   0                   0                   0                   0             3736243                 119            12004643
                 735                 766                   0                   0                   0                   0             3740182                 119            12003563
                 697                 714                   0                   0                   0                   0             3726252                 119            12003927
                 722                 760                   0                   0                   0                   0             3723819                 119            12004481
                 652                 691                   0                   0                   0                   0             3735775                 119            12003851
                 731                 760                   0                   0                   0                   0             3745303                 119            12003673
                 624                 657                   0                   0                   0                   0             3719370                 119            12003680
                 727                 745                   0                   0                   0                   0             3731597                 119            12004312
                 726                 792                   0                   0                   0                   0             3732477                 119            12004200
                 677                 692                   0                   0                   0                   0             3724224                 119            12003691
--------------------------------
              irqlat          irqlat-end         bus_acc_el1         bus_acc_el2      exceptions_el1      exceptions_el2            irqs_el1            irqs_el2              cycles
                 658                 712               37073                 182                   1                   1                   2                   0            12002232
                 688                 704               10745                 178                   1                   1                   2                   0            12003956
                 641                 673               18681                 242                   1                   1                   2                   0            12003893
                 726                 757               24878                 178                   1                   1                   2                   0            12003730
                 752                 787               15038                 186                   1                   1                   2                   0            12003801
                 706                 740               23644                 167                   1                   1                   2                   0            12003819
                 680                 711               23303                 182                   1                   1                   2                   0            12003433
                 706                 721               21395                 166                   1                   1                   2                   0            12004226
                 763                 828               10938                 171                   1                   1                   2                   0            12004279
                 798                 853                9326                 202                   1                   1                   2                   0            12003892
                 765                 797               20038                 170                   1                   1                   2                   0            12003423
                 940                 972               34273                 250                   1                   1                   2                   0            12004194
                 733                 753               30074                 170                   1                   1                   2                   0            12004269
                 856                 867               24637                 226                   1                   1                   2                   0            12003200
                 769                 790               32061                 250                   1                   1                   2                   0            12003573
                 774                 808               41048                 182                   1                   1                   2                   0            12003554
                 867                 895               26436                 200                   1                   1                   2                   0            12004229
                 694                 724               32885                 174                   1                   1                   2                   0            12003351
                 754                 789               22738                 182                   1                   1                   2                   0            12003652
                 794                 825               41689                 238                   1                   1                   2                   0            12003467
                 720                 750               33250                 338                   1                   1                   2                   0            12003450
                 705                 719                9100                 178                   1                   1                   2                   0            12003439
                 688                 717               10977                 174                   1                   1                   2                   0            12003955
                 713                 745                5464                 166                   1                   1                   2                   0            12003797
                 601                 618                2101                 166                   1                   1                   2                   0            12004395
                 712                 744                1165                 170                   1                   1                   2                   0            12003762
                 694                 731                1133                 178                   1                   1                   2                   0            12003804
                 628                 653                1181                 167                   1                   1                   2                   0            12003980
                 736                 766                 701                 138                   1                   1                   2                   0            12004138
                 714                 750                 909                 162                   1                   1                   2                   0            12004121
                 746                 777                 746                 162                   1                   1                   2                   0            12003764
                 669                 684                1137                 162                   1                   1                   2                   0            12003392
                 760                 791                5797                 170                   1                   1                   2                   0            12003634
                 835                 855               17814                 174                   1                   1                   2                   0            12003834
                 716                 768               18077                 170                   1                   1                   2                   0            12003485
                 731                 786               27593                 174                   1                   1                   2                   0            12003547
                 677                 716               32928                 162                   1                   1                   2                   0            12003896
                 741                 794               25253                 254                   1                   1                   2                   0            12003230
                 734                 772               25258                 186                   1                   1                   2                   0            12004082
                 659                 689               36167                 166                   1                   1                   2                   0            12004437
                 678                 715               11888                 162                   1                   1                   2                   0            12004042
                 758                 835                2325                 174                   1                   1                   2                   0            12004139
                 617                 648                 808                 198                   1                   1                   2                   0            12003672
                 722                 755                1118                 171                   1                   1                   2                   0            12003708
                 717                 736                 929                 162                   1                   1                   2                   0            12004054
                 762                 779                 917                 154                   1                   1                   2                   0            12004068
                 638                 673                 805                 162                   1                   1                   2                   0            12003811
                 682                 713                 957                 162                   1                   1                   2                   0            12003593
                 728                 758                1332                 186                   1                   1                   2                   0            12003383
                 752                 767                1180                 162                   1                   1                   2                   0            12003151
--------------------------------
              irqlat          irqlat-end        inst_ret_el1        inst_ret_el2              cycles
                 757                 773            18620999                 188            12002303
                 675                 693            18635544                 188            12003193
                 669                 686            18629484                 188            12003307
                 687                 719            18629820                 188            12003323
                 634                 666            18493440                 188            12003093
                 775                 808            18735438                 188            12003795
                 699                 737            18713323                 188            12003442
                 749                 779            18622863                 188            12003407
                 730                 764            18709505                 188            12003844
                 768                 799            18351638                 188            12003136
                 657                 671            18608236                 188            12003313
                 739                 755            18678258                 188            12004660
                 823                 860            18591570                 188            12003968
                 861                 896            18643788                 188            12004306
                 677                 711            18654662                 188            12003695
                 653                 684            18669121                 188            12003577
                 743                 758            18618155                 188            12003582
                 776                 808            18635995                 188            12003722
                 715                 768            18630192                 188            12003987
                 711                 726            18625171                 188            12003343
                 714                 751            18796354                 188            12003740
                 673                 688            18650679                 188            12002408
                 809                 841            18784116                 188            12003925
                 713                 747            18633408                 188            12003277
                 743                 778            18597441                 188            12004423
                 676                 711            18842293                 188            12003399
                 715                 744            18791805                 188            12003666
                 688                 731            18712352                 188            12003428
                 785                 822            18532701                 188            12003030
                 798                 831            18826546                 188            12003494
                 682                 705            18475913                 188            12003621
                 723                 757            18740246                 188            12003486
                 874                 930            18680372                 188            12004508
                 706                 725            18588199                 188            12002853
                 793                 829            18686358                 188            12004052
                 747                 779            18641159                 188            12004303
                 796                 826            18603036                 188            12003614
                 811                 846            18581432                 188            12003767
                 664                 694            18681829                 188            12003234
                 774                 793            18596066                 188            12003778
                 695                 709            18598061                 188            12003378
                 747                 777            18848659                 188            12003470
                 697                 731            18624839                 188            12003852
                 700                 731            18613735                 188            12003192
                 702                 733            18644201                 188            12003378
                 691                 724            18694947                 188            12003393
                 700                 724            18712906                 188            12003023
                 793                 836            18627221                 188            12004197
                 794                 808            18622371                 188            12004027
                 698                 712            18703833                 188            12003300
Press 's' to start...
