--------------------------------
              irqlat          irqlat-end       l1$i_miss_el1       l1$i_miss_el2       l1$d_miss_el1       l1$d_miss_el2       l2$d_miss_el1       l2$d_miss_el2              cycles
                  22                  33                  10                   0               22447                   0                 512                   0            12000030
                  22                  34                  13                   0               21717                   0                   0                   0            12000502
                  22                  33                  13                   0               43957                   0                   0                   0            12000481
                  21                  34                  14                   0               59197                   0                   0                   0            12000488
                  20                  31                  15                   0               58804                   0                   0                   0            12000490
                  23                  35                  13                   0               18120                   0                   0                   0            12000507
                  22                  33                  13                   0               18133                   0                   0                   0            12000486
                  22                  33                  13                   0               12150                   0                   0                   0            12000485
                  23                  34                  13                   0               88485                   0                   0                   0            12000487
                  23                  34                  13                   0               12132                   0                   0                   0            12000496
                  23                  34                  13                   0               18176                   0                   0                   0            12000500
                  22                  34                  13                   0               12101                   0                   0                   0            12000493
                  21                  33                  15                   0               57543                   0                   0                   0            12000506
                  22                  33                  13                   0               12122                   0                   0                   0            12000494
                  22                  34                  13                   0               18147                   0                   0                   0            12000494
                  22                  33                  13                   0               18082                   0                   0                   0            12000491
                  23                  34                  14                   0               18121                   0                   0                   0            12000488
                  22                  34                  13                   0               13208                   0                   0                   0            12000494
                  22                  34                  13                   0               12146                   0                   0                   0            12000490
                  22                  33                  13                   0               13197                   0                   0                   0            12000490
                  23                  34                  13                   0               18169                   0                   0                   0            12000484
                  19                  31                  13                   0               57567                   0                   0                   0            12000453
                  23                  34                  13                   0               12120                   0                   0                   0            12000505
                  23                  34                  13                   0               18148                   0                   0                   0            12000487
                  23                  34                  13                   0               18106                   0                   0                   0            12000497
                  22                  33                  13                   0               43432                   0                   0                   0            12000480
                  22                  33                  13                   0               12150                   0                   0                   0            12000484
                  23                  35                  13                   0               13214                   0                   0                   0            12000502
                  22                  34                  13                   0               13247                   0                   0                   0            12000497
                  23                  34                  13                   0               12114                   0                   0                   0            12000500
                  21                  32                  15                   0               59102                   0                   0                   0            12000493
                  22                  33                  13                   0               18130                   0                   0                   0            12000489
                  22                  33                  13                   0               43603                   0                   0                   0            12000491
                  23                  34                  13                   0               18098                   0                   0                   0            12000491
                  23                  34                  13                   0               18137                   0                   0                   0            12000503
                  23                  34                  13                   0                9972                   0                   0                   0            12000488
                  23                  34                  13                   0               18113                   0                   0                   0            12000482
                  21                  32                  15                   0               57582                   0                   0                   0            12000489
                  21                  32                  13                   0               58427                   0                   0                   0            12000467
                  23                  34                  13                   0               18118                   0                   0                   0            12000487
                  23                  34                  13                   0               12111                   0                   0                   0            12000496
                  23                  34                  13                   0               58810                   0                   0                   0            12000493
                  22                  35                  14                   0               18119                   0                   0                   0            12000489
                  22                  33                  13                   0               36397                   0                   0                   0            12000494
                  22                  33                  13                   0               57497                   0                   0                   0            12000474
                  23                  34                  13                   0               12108                   0                   0                   0            12000491
                  22                  33                  13                   0               18149                   0                   0                   0            12000486
                  23                  34                  14                   0               12119                   0                   0                   0            12000493
                  23                  34                  13                   0               12121                   0                   0                   0            12000494
                  23                  35                  14                   0               12129                   0                   0                   0            12000504
--------------------------------
              irqlat          irqlat-end    tlb_il1_miss_el1    tlb_il1_miss_el2    tlb_dl1_miss_el1    tlb_dl1_miss_el2         mem_acc_el1         mem_acc_el2              cycles
                  22                  33                   0                   0                   0                   0             3688025                   0            11999906
                  25                  37                   0                   0                   0                   0             3710490                   0            12000524
                  22                  33                   0                   0                   0                   0             3711506                   0            12000491
                  23                  35                   0                   0                   0                   0             3709261                   0            12000506
                  22                  33                   0                   0                   0                   0             3716326                   0            12000488
                  22                  35                   0                   0                   0                   0             3714233                   0            12000498
                  23                  34                   0                   0                   0                   0             3716956                   0            12000493
                  22                  33                   0                   0                   0                   0             3716336                   0            12000495
                  22                  33                   0                   0                   0                   0             3714215                   0            12000481
                  22                  33                   0                   0                   0                   0             3714150                   0            12000486
                  21                  33                   0                   0                   0                   0             3727864                   0            12000476
                  22                  33                   0                   0                   0                   0             3708808                   0            12000494
                  23                  34                   0                   0                   0                   0             3714140                   0            12000491
                  22                  33                   0                   0                   0                   0             3710474                   0            12000488
                  23                  34                   0                   0                   0                   0             3711358                   0            12000492
                  23                  34                   0                   0                   0                   0             3709207                   0            12000491
                  22                  33                   0                   0                   0                   0             3712111                   0            12000493
                  22                  34                   0                   0                   0                   0             3802905                   0            12000494
                  23                  34                   0                   0                   0                   0             3715014                   0            12000486
                  22                  33                   0                   0                   0                   0             3729837                   0            12000493
                  22                  33                   0                   0                   0                   0             3709743                   0            12000487
                  22                  36                   0                   0                   0                   0             3707010                   0            12000513
                  23                  35                   0                   0                   0                   0             3707422                   0            12000503
                  23                  34                   0                   0                   0                   0             3705053                   0            12000498
                  22                  33                   0                   0                   0                   0             3713462                   0            12000488
                  22                  36                   0                   0                   0                   0             3680617                   0            12000507
                  22                  33                   0                   0                   0                   0             3706960                   0            12000489
                  23                  34                   0                   0                   0                   0             3706606                   0            12000493
                  20                  32                   0                   0                   0                   0             3886654                   0            12000472
                  23                  35                   0                   0                   0                   0             3714182                   0            12000512
                  23                  34                   0                   0                   0                   0             3708847                   0            12000496
                  20                  32                   0                   0                   0                   0             3667070                   0            12000473
                  22                  33                   0                   0                   0                   0             3708771                   0            12000494
                  22                  36                   0                   0                   0                   0             3703447                   0            12000508
                  23                  35                   0                   0                   0                   0             3704358                   0            12000499
                  22                  33                   0                   0                   0                   0             3697484                   0            12000487
                  22                  33                   0                   0                   0                   0             3688875                   0            12000469
                  21                  33                   0                   0                   0                   0             3788007                   0            12000475
                  23                  34                   0                   0                   0                   0             3729822                   0            12000494
                  21                  32                   0                   0                   0                   0             3716147                   0            12000509
                  22                  33                   0                   0                   0                   0             3696229                   0            12000488
                  23                  35                   0                   0                   0                   0             3729755                   0            12000504
                  22                  34                   0                   0                   0                   0             3713441                   0            12000499
                  22                  33                   0                   0                   0                   0             3708737                   0            12000482
                  21                  33                   0                   0                   0                   0             3703951                   0            12000473
                  23                  34                   0                   0                   0                   0             3729933                   0            12000490
                  22                  33                   0                   0                   0                   0             3714251                   0            12000485
                  21                  32                   0                   0                   0                   0             3687233                   0            12000508
                  22                  33                   0                   0                   0                   0             3707453                   0            12000487
                  22                  33                   0                   0                   0                   0             3705043                   0            12000487
--------------------------------
              irqlat          irqlat-end         bus_acc_el1         bus_acc_el2      exceptions_el1      exceptions_el2            irqs_el1            irqs_el2              cycles
                  22                  33                   2                   0                   1                   0                   1                   0            12000248
                  22                  33                   3                   0                   1                   0                   1                   0            12000495
                  22                  34                   3                   0                   1                   0                   1                   0            12000498
                  22                  33                   3                   0                   1                   0                   1                   0            12000489
                  22                  33                   3                   0                   1                   0                   1                   0            12000491
                  23                  34                   3                   0                   1                   0                   1                   0            12000487
                  22                  33                   3                   0                   1                   0                   1                   0            12000473
                  23                  34                   3                   0                   1                   0                   1                   0            12000491
                  22                  33                   3                   0                   1                   0                   1                   0            12000486
                  22                  33                   3                   0                   1                   0                   1                   0            12000487
                  22                  33                   3                   0                   1                   0                   1                   0            12000481
                  22                  34                   3                   0                   1                   0                   1                   0            12000504
                  22                  34                   3                   0                   1                   0                   1                   0            12000501
                  23                  35                   3                   0                   1                   0                   1                   0            12000503
                  22                  34                   3                   0                   1                   0                   1                   0            12000501
                  23                  36                   3                   0                   1                   0                   1                   0            12000513
                  22                  33                   3                   0                   1                   0                   1                   0            12000486
                  23                  34                   3                   0                   1                   0                   1                   0            12000495
                  22                  35                   3                   0                   1                   0                   1                   0            12000498
                  22                  34                   3                   0                   1                   0                   1                   0            12000492
                  23                  34                   3                   0                   1                   0                   1                   0            12000496
                  23                  34                   3                   0                   1                   0                   1                   0            12000494
                  22                  33                   3                   0                   1                   0                   1                   0            12000484
                  23                  34                   3                   0                   1                   0                   1                   0            12000485
                  21                  32                   3                   0                   1                   0                   1                   0            12000466
                  23                  34                   3                   0                   1                   0                   1                   0            12000491
                  23                  34                   3                   0                   1                   0                   1                   0            12000485
                  22                  34                   3                   0                   1                   0                   1                   0            12000496
                  23                  34                   3                   0                   1                   0                   1                   0            12000493
                  22                  34                   3                   0                   1                   0                   1                   0            12000503
                  21                  32                   3                   0                   1                   0                   1                   0            12000465
                  22                  33                   3                   0                   1                   0                   1                   0            12000493
                  22                  33                   3                   0                   1                   0                   1                   0            12000483
                  23                  35                   3                   0                   1                   0                   1                   0            12000507
                  20                  32                   3                   0                   1                   0                   1                   0            12000473
                  22                  33                   3                   0                   1                   0                   1                   0            12000483
                  21                  34                   3                   0                   1                   0                   1                   0            12000486
                  23                  35                   3                   0                   1                   0                   1                   0            12000512
                  22                  34                   3                   0                   1                   0                   1                   0            12000492
                  23                  34                   3                   0                   1                   0                   1                   0            12000490
                  22                  33                   3                   0                   1                   0                   1                   0            12000489
                  23                  34                   3                   0                   1                   0                   1                   0            12000493
                  23                  34                   3                   0                   1                   0                   1                   0            12000494
                  23                  34                   3                   0                   1                   0                   1                   0            12000489
                  21                  32                   3                   0                   1                   0                   1                   0            12000495
                  23                  35                   3                   0                   1                   0                   1                   0            12000507
                  21                  32                   3                   0                   1                   0                   1                   0            12000472
                  22                  33                   3                   0                   1                   0                   1                   0            12000486
                  22                  34                   3                   0                   1                   0                   1                   0            12000496
                  23                  35                   3                   0                   1                   0                   1                   0            12000505
--------------------------------
              irqlat          irqlat-end        inst_ret_el1        inst_ret_el2              cycles
                  22                  33            18552117                   0            12000291
                  21                  33            18458622                   0            12000493
                  22                  33            18524821                   0            12000485
                  22                  33            18544484                   0            12000484
                  22                  33            18574057                   0            12000481
                  23                  34            18538538                   0            12000499
                  23                  34            18548999                   0            12000497
                  22                  33            18391083                   0            12000487
                  23                  34            18643853                   0            12000492
                  23                  35            18544689                   0            12000509
                  22                  34            18545036                   0            12000499
                  22                  33            18939842                   0            12000489
                  23                  34            18530906                   0            12000491
                  22                  34            18534893                   0            12000494
                  23                  34            18517877                   0            12000502
                  23                  35            18550354                   0            12000502
                  22                  33            18643527                   0            12000486
                  23                  34            18562394                   0            12000490
                  22                  33            18554724                   0            12000489
                  22                  33            18561253                   0            12000483
                  21                  32            18578554                   0            12000506
                  22                  33            18559912                   0            12000491
                  22                  35            18585009                   0            12000496
                  22                  34            18560054                   0            12000489
                  23                  34            18517974                   0            12000496
                  21                  32            18628706                   0            12000475
                  21                  32            18956066                   0            12000469
                  22                  33            18554612                   0            12000483
                  22                  34            18566145                   0            12000490
                  22                  34            18524847                   0            12000489
                  23                  34            18562394                   0            12000494
                  22                  33            18560744                   0            12000479
                  22                  34            18548981                   0            12000497
                  23                  34            18572629                   0            12000491
                  23                  34            18574351                   0            12000496
                  23                  35            18530695                   0            12000507
                  23                  34            18534933                   0            12000489
                  22                  33            18575782                   0            12000488
                  21                  32            19137813                   0            12000474
                  22                  33            18566105                   0            12000489
                  22                  34            18549009                   0            12000492
                  22                  34            18574332                   0            12000503
                  23                  34            18572610                   0            12000487
                  22                  34            18575592                   0            12000506
                  22                  33            18545016                   0            12000482
                  22                  33            18552134                   0            12000483
                  21                  32            18892581                   0            12000504
                  23                  35            18562420                   0            12000497
                  23                  34            18552743                   0            12000489
                  22                  34            18738615                   0            12000488
Press 's' to start...
