--------------------------------
              irqlat          irqlat-end       l1$i_miss_el1       l1$i_miss_el2       l1$d_miss_el1       l1$d_miss_el2       l2$d_miss_el1       l2$d_miss_el2              cycles
                 289                 302                  13                  23               12634                  17                 515                  20            11999839
                 369                 380                  13                  23               12181                  17                   1                  19            12001112
                 340                 351                  13                  24               12221                  17                   0                  19            12000942
                 314                 325                  13                  24               21904                  17                   0                  19            12001099
                 310                 323                  14                  24               12212                  17                   1                  19            12001147
                 313                 325                  13                  25               18275                  17                   0                  16            12001070
                 292                 304                  13                  25               18347                  18                   0                  16            12001129
                 248                 259                  13                  24               12642                  17                   1                  18            12001185
                 330                 342                  13                  24               18283                  17                   0                  19            12001201
                 389                 401                  13                  24               18066                  17                   2                  17            12001214
                 343                 355                  12                  24               18322                  17                   0                  19            12000922
                 231                 243                  13                  23               12184                  17                   0                  19            12000838
                 236                 247                  13                  24               18331                  17                   0                  19            12000822
                 344                 355                  13                  24               18281                  17                   0                  19            12000864
                 275                 286                  13                  24               18332                  17                   1                  15            12000731
                 220                 233                  12                  25               58743                  16                   0                  12            12000835
                 271                 282                  13                  23               18321                  17                   0                  19            12000860
                 301                 313                  13                  25               13789                  18                   0                  16            12000928
                 282                 294                  13                  24               18222                  17                   0                  19            12000954
                 254                 266                  13                  24               16320                  17                   0                  19            12000793
                 355                 368                  14                  24               12273                  17                   0                  19            12001172
                 256                 267                  13                  24               19235                  17                   0                  19            12000862
                 272                 285                  13                  23               14619                  17                   1                  18            12001192
                 317                 330                  14                  24               18363                  17                   0                  19            12000908
                 282                 295                  13                  24               18219                  17                   0                  19            12000910
                 337                 349                  13                  24               12200                  17                   0                  16            12000986
                 223                 235                  13                  24               12206                  17                   1                  18            12000793
                 335                 346                  13                  24               12177                  17                   0                  19            12000908
                 319                 331                  13                  25               20305                  17                   0                  19            12001018
                 271                 284                  13                  24               18274                  17                   0                  19            12000870
                 288                 300                  13                  24               14363                  17                   0                  16            12001040
                 223                 235                  13                  24               22060                  17                   1                  18            12000818
                 231                 244                  13                  24               43350                  17                   0                  19            12001019
                 249                 261                  13                  24               12235                  17                   0                  19            12000891
                 314                 327                  14                  24               18206                  17                   0                  19            12000858
                 319                 330                  13                  24               18221                  17                   1                  18            12001167
                 332                 345                  14                  24               18335                  17                   0                  19            12001042
                 261                 272                  13                  24               21954                  17                   0                  19            12000835
                 273                 285                  13                  24               18437                  17                   0                  19            12000833
                 257                 271                  14                  24               12191                  17                   1                  15            12000876
                 340                 351                  13                  24               57933                  17                   0                  19            12000826
                 417                 429                  13                  24               36700                  17                   1                  19            12001294
                 301                 313                  13                  24               18336                  17                   0                  16            12000912
                 272                 285                  13                  24               13287                  17                   1                  15            12001030
                 283                 294                  13                  25               22290                  17                   0                  19            12000976
                 286                 300                  14                  24               18253                  17                   2                  17            12000880
                 244                 256                  13                  24               12195                  17                   0                  19            12000875
                 277                 288                  13                  24               18244                  17                   0                  19            12000833
                 292                 305                  13                  24               30374                  17                   2                  17            12001021
                 222                 234                  14                  24               18796                  17                   0                  19            12000825
--------------------------------
              irqlat          irqlat-end    tlb_il1_miss_el1    tlb_il1_miss_el2    tlb_dl1_miss_el1    tlb_dl1_miss_el2         mem_acc_el1         mem_acc_el2              cycles
                 316                 327                   0                   0                   0                   0             3760341                 102            12000642
                 319                 331                   0                   0                   0                   0             3722899                 102            12000851
                 256                 267                   0                   0                   0                   0             3719177                 102            12001102
                 276                 287                   0                   0                   0                   0             3724462                 102            12000853
                 229                 242                   0                   0                   0                   0             3731984                 102            12000856
                 266                 280                   0                   0                   0                   0             3724630                 102            12000917
                 300                 311                   0                   0                   0                   0             3756281                 102            12000909
                 250                 262                   0                   0                   0                   0             3755880                 102            12000909
                 254                 267                   0                   0                   0                   0             3741697                 102            12000870
                 276                 288                   0                   0                   0                   0             3722495                 102            12001160
                 323                 336                   0                   0                   0                   0             3760382                 102            12000861
                 389                 402                   0                   0                   0                   0             3719753                 102            12001001
                 281                 293                   0                   0                   0                   0             3732066                 102            12001049
                 326                 339                   0                   0                   0                   0             3727963                 102            12001097
                 354                 365                   0                   0                   0                   0             3716401                 102            12001159
                 307                 319                   0                   0                   0                   0             3717531                 102            12001233
                 346                 359                   0                   0                   0                   0             3719528                 102            12001138
                 278                 289                   0                   0                   0                   0             3721759                 102            12001084
                 302                 315                   0                   0                   0                   0             3736574                 102            12001195
                 333                 348                   0                   0                   0                   0             3726659                 102            12001361
                 337                 349                   0                   0                   0                   0             3722876                 102            12001148
                 330                 341                   0                   0                   0                   0             3735175                 102            12001219
                 329                 341                   0                   0                   0                   0             3726981                 102            12001984
                 311                 323                   0                   0                   0                   0             3732162                 102            12001503
                 322                 334                   0                   0                   0                   0             3738646                 102            12001075
                 347                 358                   0                   0                   0                   0             3736465                 102            12001260
                 326                 338                   0                   0                   0                   0             3725292                 102            12001132
                 277                 289                   0                   0                   0                   0             3736995                 102            12001209
                 320                 332                   0                   0                   0                   0             3737501                 102            12001399
                 420                 431                   0                   0                   0                   0             3720546                 102            12001089
                 399                 411                   0                   0                   0                   0             3731113                 102            12001116
                 291                 303                   0                   0                   0                   0             3716502                 102            12000866
                 287                 299                   0                   0                   0                   0             3739224                 102            12000873
                 284                 296                   0                   0                   0                   0             3717231                 102            12000919
                 275                 288                   0                   0                   0                   0             3731528                 102            12001219
                 300                 313                   0                   0                   0                   0             3754908                 102            12001090
                 323                 336                   0                   0                   0                   0             3722881                 102            12000987
                 251                 263                   0                   0                   0                   0             3725716                 102            12000685
                 448                 461                   0                   0                   0                   0             3705561                 102            12001170
                 361                 373                   0                   0                   0                   0             3721286                 102            12001300
                 327                 339                   0                   0                   0                   0             3717487                 102            12001113
                 340                 352                   0                   0                   0                   0             3726222                 102            12000822
                 334                 347                   0                   0                   0                   0             3721090                 102            12001106
                 320                 334                   0                   0                   0                   0             3731103                 102            12000893
                 410                 422                   0                   0                   0                   0             3735352                 102            12001262
                 374                 385                   0                   0                   0                   0             3723204                 102            12000932
                 423                 435                   0                   0                   0                   0             3719018                 102            12000971
                 361                 372                   0                   0                   0                   0             3710029                 102            12001070
                 356                 367                   0                   0                   0                   0             3737102                 102            12001311
                 298                 311                   0                   0                   0                   0             3730393                 102            12000913
--------------------------------
              irqlat          irqlat-end         bus_acc_el1         bus_acc_el2      exceptions_el1      exceptions_el2            irqs_el1            irqs_el2              cycles
                 284                 295                7929                  73                   1                   1                   2                   0            12001228
                 378                 391                6445                  73                   1                   1                   2                   0            12001000
                 210                 221                8409                  49                   1                   1                   2                   0            12000794
                 264                 276                7993                  73                   1                   1                   2                   0            12000996
                 330                 342                7121                  77                   1                   1                   2                   0            12001128
                 287                 300                6917                  61                   1                   1                   2                   0            12000876
                 256                 269               56513                  69                   1                   1                   2                   0            12000882
                 330                 342               59270                  61                   1                   1                   2                   0            12000841
                 339                 352               58943                  77                   1                   1                   2                   0            12001545
                 291                 302               61149                  77                   1                   1                   2                   0            12001016
                 337                 350               60477                 113                   1                   1                   2                   0            12001296
                 240                 255               54325                  77                   1                   1                   2                   0            12000791
                 298                 311               58635                  45                   1                   1                   2                   0            12001503
                 282                 295               58969                  73                   1                   1                   2                   0            12001045
                 342                 355               63554                  73                   1                   1                   2                   0            12001267
                 293                 305               12273                  69                   1                   1                   2                   0            12001096
                 283                 295                5278                  69                   1                   1                   2                   0            12001431
                 273                 285                8137                  57                   1                   1                   2                   0            12000864
                 257                 269                7573                  61                   1                   1                   2                   0            12000850
                 248                 259                5857                  73                   1                   1                   2                   0            12000860
                 372                 384                6761                  73                   1                   1                   2                   0            12001559
                 317                 328                5681                  77                   1                   1                   2                   0            12000881
                 232                 244                4989                  77                   1                   1                   2                   0            12000860
                 292                 305                5337                  73                   1                   1                   2                   0            12000860
                 254                 266                6921                  61                   1                   1                   2                   0            12000881
                 269                 282                6444                  63                   1                   1                   2                   0            12000908
                 274                 285                8613                  77                   1                   1                   2                   0            12001022
                 245                 258                6549                  73                   1                   1                   2                   0            12000873
                 317                 329               65254                  73                   1                   1                   2                   0            12000831
                 249                 261               74926                  73                   1                   1                   2                   0            12001067
                 339                 352               75161                  77                   1                   1                   2                   0            12001066
                 267                 279               82754                  53                   1                   1                   2                   0            12000932
                 276                 287               79074                  73                   1                   1                   2                   0            12001209
                 281                 294               76348                 138                   1                   1                   2                   0            12000776
                 343                 355               76217                  57                   1                   1                   2                   0            12000835
                 326                 337               72341                 133                   1                   1                   2                   0            12001408
                 351                 363               77141                  93                   1                   1                   2                   0            12002116
                 308                 319               73418                  93                   1                   1                   2                   0            12000865
                 306                 319               13098                  73                   1                   1                   2                   0            12001041
                 314                 326                7161                  73                   1                   1                   2                   0            12001073
                 252                 263                8821                  73                   1                   1                   2                   0            12000833
                 342                 354               10489                  57                   1                   1                   2                   0            12001132
                 206                 219                7237                  69                   1                   1                   2                   0            12000837
                 272                 285                6505                  61                   1                   1                   2                   0            12000883
                 276                 288                7057                  73                   1                   1                   2                   0            12000862
                 353                 365                7445                  61                   1                   1                   2                   0            12001463
                 339                 351                6673                  61                   1                   1                   2                   0            12000927
                 260                 273               12735                 109                   1                   1                   2                   0            12000971
                 247                 259               75426                  73                   1                   1                   2                   0            12000731
                 343                 354               78553                  81                   1                   1                   2                   0            12001192
--------------------------------
              irqlat          irqlat-end        inst_ret_el1        inst_ret_el2              cycles
                 322                 334            18764340                 225            12000685
                 439                 452            18765481                 225            12001105
                 361                 372            18614605                 225            12000941
                 350                 364            18582286                 225            12001215
                 422                 435            18595943                 225            12001027
                 439                 452            18648081                 225            12001292
                 344                 355            18582472                 225            12000832
                 373                 385            18487171                 225            12000826
                 321                 334            18597781                 225            12001137
                 424                 437            18580850                 225            12001113
                 317                 330            18654726                 225            12000898
                 344                 356            18769354                 225            12000863
                 281                 294            18590244                 225            12000727
                 383                 395            18639600                 225            12001113
                 316                 327            18655545                 225            12000836
                 417                 429            18644416                 225            12000882
                 390                 402            18605293                 225            12000882
                 323                 335            18598805                 225            12000849
                 346                 357            18643521                 225            12000806
                 372                 384            18585001                 225            12001091
                 382                 393            18934609                 225            12000977
                 382                 395            18589440                 225            12001000
                 336                 348            18586348                 225            12001142
                 317                 330            18613689                 225            12001071
                 313                 327            18657212                 225            12001123
                 381                 392            18610469                 225            12001110
                 307                 320            18595709                 225            12001132
                 353                 365            18750981                 225            12001095
                 327                 340            18633743                 225            12000862
                 343                 355            18612139                 225            12000933
                 289                 300            18622958                 225            12000892
                 350                 361            18633866                 225            12001207
                 317                 328            18729974                 225            12000831
                 265                 277            18730883                 225            12000874
                 290                 301            18632718                 225            12000857
                 320                 331            18623662                 225            12000839
                 339                 350            18661290                 225            12001108
                 302                 313            18596190                 225            12000829
                 335                 346            18668782                 225            12001246
                 356                 369            18663099                 225            12001120
                 336                 349            18579780                 225            12001338
                 398                 412            18632331                 225            12000926
                 334                 346            18539390                 225            12000930
                 299                 310            18651318                 225            12000858
                 307                 320            18693766                 225            12000870
                 276                 288            18940388                 225            12001120
                 435                 447            18657739                 225            12000803
                 311                 324            18578850                 225            12001098
                 340                 351            18768793                 225            12001098
                 303                 316            18689782                 225            12000848
Press 's' to start...
