--------------------------------
              irqlat          irqlat-end       l1$i_miss_el1       l1$i_miss_el2       l1$d_miss_el1       l1$d_miss_el2       l2$d_miss_el1       l2$d_miss_el2              cycles
                 640                 676                  12                  26               12723                  16                 543                  42            12001958
                 715                 743                  13                  26               36753                  16                  23                  39            12003693
                 702                 735                  13                  26               18369                  16                  23                  42            12003784
                 738                 777                  12                  25               18249                  16                  25                  41            12004237
                 717                 736                  13                  25               58132                  13                  24                  34            12003680
                 732                 764                  13                  26               12215                  16                  24                  39            12003954
                 746                 780                  13                  26               18430                  16                  24                  42            12004217
                 740                 774                  13                  26               18253                  16                  26                  42            12004211
                 596                 607                  13                  25               57585                  14                  24                  36            12003115
                 710                 739                  13                  25               12267                  17                  26                  39            12003748
                 685                 715                  13                  26               12231                  17                  25                  39            12004209
                 816                 857                  12                  27               18384                  16                  25                  40            12005332
                 680                 703                  12                  25               12213                  16                  25                  39            12003658
                 869                 903                  12                  25               12208                  16                  25                  39            12004957
                 587                 617                  12                  26               58271                  17                  22                  39            12003261
                 747                 777                  13                  26               18264                  16                  26                  39            12003832
                 656                 689                  13                  26               18348                  16                  25                  38            12004324
                 731                 765                  13                  26               18364                  16                  26                  38            12004704
                 641                 671                  13                  25               44058                  16                  24                  42            12004436
                 714                 747                  12                  27               12263                  16                  24                  40            12004294
                 740                 779                  13                  26               18375                  17                  22                  39            12004245
                 710                 742                  14                  26               18228                  16                  30                  39            12003518
                 711                 745                  12                  25               12297                  17                  29                  39            12004567
                 753                 771                  13                  25               43588                  16                  28                  38            12004612
                 658                 690                  12                  26               12231                  16                  28                  39            12004078
                 618                 690                  13                  26               18284                  17                  28                  40            12004402
                 700                 720                  13                  26               18265                  16                  25                  39            12004580
                 862                 892                  12                  25               31558                  17                  25                  39            12005064
                 731                 743                  13                  27               57209                  15                  25                  38            12004113
                 872                 909                  12                  25               58707                  15                  25                  35            12005112
                 640                 675                  12                  26               18431                  16                  26                  38            12003750
                 699                 729                  13                  25               36532                  16                  26                  40            12003941
                 724                 756                  12                  25               33788                  15                  26                  34            12005037
                 762                 794                  13                  26               21879                  17                  25                  36            12003823
                 761                 795                  13                  26               12231                  16                  26                  39            12004244
                 731                 767                  12                  26               12266                  16                  25                  37            12004132
                 667                 707                  12                  25               12257                  16                  26                  37            12004544
                 722                 753                  13                  26               12231                  16                  25                  37            12003698
                 844                 858                  12                  26               13259                  16                  26                  37            12004819
                 691                 722                  13                  26               18846                  16                  26                  36            12003881
                 648                 683                  13                  25               18294                  16                  25                  37            12004065
                 786                 820                  13                  26               22037                  16                  26                  38            12004951
                 708                 720                  13                  26               21971                  16                  25                  37            12004190
                 878                 916                  13                  26               21628                  16                  25                  40            12005370
                 760                 773                  13                  26               22494                  17                  25                  35            12004199
                 723                 743                  13                  26               21816                  17                  24                  37            12003988
                 699                 732                  13                  26               18384                  16                  26                  36            12003703
                 707                 737                  12                  26               18342                  16                  24                  37            12003853
                 729                 761                  13                  26               18238                  16                  24                  40            12003320
                 687                 725                  12                  26               43822                  16                  24                  39            12003549
--------------------------------
              irqlat          irqlat-end    tlb_il1_miss_el1    tlb_il1_miss_el2    tlb_dl1_miss_el1    tlb_dl1_miss_el2         mem_acc_el1         mem_acc_el2              cycles
                 693                 725                   0                   0                   0                   0             3714472                 102            12002486
                 720                 744                   0                   0                   0                   0             3732779                 102            12003759
                 625                 636                   0                   0                   0                   0             3724512                 102            12003348
                 625                 643                   0                   0                   0                   0             3729596                 102            12003160
                 675                 695                   0                   0                   0                   0             3730446                 102            12003699
                 641                 655                   0                   0                   0                   0             3749397                 102            12003881
                 611                 628                   0                   0                   0                   0             3747760                 102            12003431
                 649                 683                   0                   0                   0                   0             3758276                 102            12004148
                 631                 647                   0                   0                   0                   0             3723298                 102            12004041
                 569                 594                   0                   0                   0                   0             3722411                 102            12003553
                 707                 744                   0                   0                   0                   0             3737223                 102            12003886
                 714                 746                   0                   0                   0                   0             3737140                 102            12004613
                 742                 773                   0                   0                   0                   0             3741769                 102            12005263
                 599                 612                   0                   0                   0                   0             3734307                 102            12004034
                 705                 740                   0                   0                   0                   0             3706743                 102            12004344
                 594                 630                   0                   0                   0                   0             3742682                 102            12003904
                 724                 763                   0                   0                   0                   0             3741902                 102            12004496
                 624                 658                   0                   0                   0                   0             3725973                 102            12003715
                 596                 615                   0                   0                   0                   0             3726211                 102            12003563
                 694                 708                   0                   0                   0                   0             3725817                 102            12004297
                 768                 801                   0                   0                   0                   0             3728225                 102            12003763
                 662                 694                   0                   0                   0                   0             3722683                 102            12003605
                 683                 725                   0                   0                   0                   0             3737686                 102            12003465
                 834                 845                   0                   0                   0                   0             3740986                 102            12003649
                 669                 685                   0                   0                   0                   0             3721683                 102            12004030
                 687                 728                   0                   0                   0                   0             3705089                 102            12004253
                 687                 705                   0                   0                   0                   0             3728708                 102            12004447
                 668                 701                   0                   0                   0                   0             3737844                 102            12004811
                 795                 835                   0                   0                   0                   0             3743986                 102            12005115
                 633                 666                   0                   0                   0                   0             3734370                 102            12004010
                 660                 696                   0                   0                   0                   0             3745514                 102            12004055
                 619                 668                   0                   0                   0                   0             3736430                 102            12004704
                 641                 664                   0                   0                   0                   0             3740848                 102            12004746
                 623                 655                   0                   0                   0                   0             3755540                 102            12004025
                 626                 658                   0                   0                   0                   0             3722855                 102            12003800
                 700                 735                   0                   0                   0                   0             3737045                 102            12003779
                 849                 881                   0                   0                   0                   0             3763851                 102            12004388
                 643                 669                   0                   0                   0                   0             3619266                 102            12003536
                 617                 650                   0                   0                   0                   0             3733152                 102            12003941
                 610                 646                   0                   0                   0                   0             3719540                 102            12003796
                 700                 732                   0                   0                   0                   0             3763333                 102            12004290
                 811                 847                   0                   0                   0                   0             3714447                 102            12004465
                 658                 686                   0                   0                   0                   0             3761227                 102            12004813
                 805                 821                   0                   0                   0                   0             3722555                 102            12004249
                 634                 663                   0                   0                   0                   0             3726477                 102            12004628
                 576                 611                   0                   0                   0                   0             3688794                 102            12004065
                 671                 706                   0                   0                   0                   0             3741019                 102            12004356
                 582                 616                   0                   0                   0                   0             3757980                 102            12004503
                 753                 768                   0                   0                   0                   0             3747960                 102            12004540
                 580                 612                   0                   0                   0                   0             3721262                 102            12003762
--------------------------------
              irqlat          irqlat-end         bus_acc_el1         bus_acc_el2      exceptions_el1      exceptions_el2            irqs_el1            irqs_el2              cycles
                 750                 784               26850                 285                   1                   1                   2                   0            12002847
                 690                 723               17859                 153                   1                   1                   2                   0            12004126
                 815                 859               26225                 177                   1                   1                   2                   0            12005225
                 790                 822               19817                 189                   1                   1                   2                   0            12004763
                 794                 819               12741                 253                   1                   1                   2                   0            12004872
                 747                 803               22577                 195                   1                   1                   2                   0            12004505
                 587                 622               26539                 149                   1                   1                   2                   0            12004486
                 737                 775               27537                 277                   1                   1                   2                   0            12004663
                 741                 774               16230                 157                   1                   1                   2                   0            12005231
                 709                 768               10503                 149                   1                   1                   2                   0            12004461
                 708                 723                6708                 153                   1                   1                   2                   0            12004463
                 618                 648                2358                 145                   1                   1                   2                   0            12004121
                 615                 673                 895                 173                   1                   1                   2                   0            12003423
                 711                 748                1389                 157                   1                   1                   2                   0            12004353
                 632                 662                1217                 173                   1                   1                   2                   0            12003720
                 619                 654                1041                 145                   1                   1                   2                   0            12003518
                 628                 659                1257                 145                   1                   1                   2                   0            12003978
                 735                 772                 993                 137                   1                   1                   2                   0            12004450
                 675                 712               10002                 133                   1                   1                   2                   0            12004066
                 670                 699               17613                 165                   1                   1                   2                   0            12004068
                 715                 735               21921                 177                   1                   1                   2                   0            12004336
                 740                 776               26523                 221                   1                   1                   2                   0            12004794
                 718                 737               29140                 285                   1                   1                   2                   0            12003668
                 745                 777               11781                 165                   1                   1                   2                   0            12003939
                 635                 664               10453                 142                   1                   1                   2                   0            12003869
                 638                 670               12709                 153                   1                   1                   2                   0            12003892
                 663                 695               13025                 193                   1                   1                   2                   0            12003790
                 721                 753                4318                 137                   1                   1                   2                   0            12004358
                 679                 710                1188                 133                   1                   1                   2                   0            12003916
                 612                 644                1077                 145                   1                   1                   2                   0            12003168
                 755                 792                1175                 153                   1                   1                   2                   0            12004224
                 693                 726                1577                 149                   1                   1                   2                   0            12003415
                 672                 709                1229                 153                   1                   1                   2                   0            12004138
                 637                 669               12864                 233                   1                   1                   2                   0            12003686
                 662                 698               19633                 173                   1                   1                   2                   0            12003837
                 858                 901               30437                 165                   1                   1                   2                   0            12005213
                 726                 745               25505                 229                   1                   1                   2                   0            12003770
                 722                 757               15094                 157                   1                   1                   2                   0            12004086
                 727                 759               11087                 197                   1                   1                   2                   0            12003761
                 723                 736               17924                 157                   1                   1                   2                   0            12004086
                 756                 786                6793                 161                   1                   1                   2                   0            12004507
                 697                 735                1986                 155                   1                   1                   2                   0            12003872
                 711                 744                 937                 181                   1                   1                   2                   0            12003957
                 709                 724                 957                 153                   1                   1                   2                   0            12004205
                 576                 610                1025                 157                   1                   1                   2                   0            12003584
                 649                 677                1037                 145                   1                   1                   2                   0            12003726
                 682                 713                 861                 161                   1                   1                   2                   0            12004099
                 559                 594                1321                 145                   1                   1                   2                   0            12004102
                 650                 682                1185                 157                   1                   1                   2                   0            12003586
                 706                 737                 865                 162                   1                   1                   2                   0            12003710
--------------------------------
              irqlat          irqlat-end        inst_ret_el1        inst_ret_el2              cycles
                 658                 676            18694242                 225            12003366
                 675                 711            18610068                 225            12004004
                 825                 856            18673943                 225            12005326
                 709                 747            18787291                 225            12004019
                 577                 606            18701086                 225            12003505
                 661                 677            18700905                 225            12003275
                 699                 717            18639349                 225            12004198
                 671                 702            18775145                 225            12003697
                 681                 699            18925356                 225            12003697
                 664                 677            18801905                 225            12004090
                 729                 750            18716340                 225            12005011
                 663                 698            18627556                 225            12004201
                 724                 758            18781474                 225            12004372
                 720                 748            18631613                 225            12005184
                 786                 801            18775688                 225            12003379
                 677                 707            18654337                 225            12004791
                 759                 795            18704969                 225            12004584
                 654                 684            18510474                 225            12003659
                 702                 718            18671185                 225            12004178
                 670                 701            18763873                 225            12003559
                 719                 732            18717210                 225            12004598
                 703                 745            18608571                 225            12003570
                 615                 646            18820917                 225            12003675
                 685                 696            18609468                 225            12003668
                 759                 796            18654207                 225            12005844
                 648                 683            18590200                 225            12003984
                 772                 799            18735841                 225            12004653
                 660                 689            18420019                 225            12003802
                 601                 631            18790094                 225            12004288
                 676                 708            18605636                 225            12004370
                 658                 694            18643212                 225            12003990
                 631                 663            18671651                 225            12003383
                 766                 796            18643034                 225            12003606
                 681                 709            18661700                 225            12003716
                 713                 743            18715276                 225            12003958
                 629                 650            18648666                 225            12004036
                 688                 702            18796527                 225            12003629
                 696                 728            18807230                 225            12003753
                 686                 727            18652670                 225            12005177
                 635                 656            18640357                 225            12004142
                 631                 691            18650202                 225            12004660
                 649                 681            18617545                 225            12004737
                 633                 662            18631656                 225            12002967
                 695                 708            18655271                 225            12003340
                 679                 692            18660146                 225            12004002
                 708                 740            18653279                 225            12003863
                 763                 797            18620797                 225            12004093
                 780                 794            18845261                 225            12004106
                 599                 625            18740927                 225            12003593
                 709                 728            18629623                 225            12004407
Press 's' to start...
