--------------------------------
              irqlat          irqlat-end       l1$i_miss_el1       l1$i_miss_el2       l1$d_miss_el1       l1$d_miss_el2       l2$d_miss_el1       l2$d_miss_el2              cycles
                 110                 121                  11                  22               12626                  16                 516                   0            11999926
                 110                 121                  13                  22               12192                  16                   0                   0            12000509
                 109                 123                  14                  22               43368                  15                   0                   0            12000527
                 110                 122                  13                  23               18232                  16                   0                   0            12000526
                 110                 121                  13                  22               13283                  16                   0                   0            12000506
                 109                 122                  13                  23               21719                  16                   0                   0            12000518
                 108                 120                  13                  22               57488                  15                   0                   0            12000521
                 110                 121                  13                  23               12202                  16                   0                   0            12000510
                 110                 122                  13                  22               18164                  16                   0                   0            12000525
                 110                 121                  13                  23               12208                  16                   0                   0            12000510
                 109                 121                  13                  22               57281                  16                   0                   0            12000510
                 110                 122                  13                  23               13277                  16                   0                   0            12000506
                 108                 119                  13                  22               59105                  15                   0                   0            12000506
                 110                 121                  13                  22               12199                  16                   0                   0            12000514
                 110                 122                  13                  22               18173                  16                   0                   0            12000517
                 108                 121                  13                  22               57168                  16                   0                   0            12000497
                 112                 125                  13                  22               18201                  17                   0                   0            12000526
                 109                 121                  13                  23               12243                  16                   0                   0            12000519
                 109                 122                  14                  22               12173                  16                   0                   0            12000528
                 109                 121                  13                  22               21847                  16                   0                   0            12000517
                 110                 122                  13                  22               18196                  16                   0                   0            12000519
                 109                 123                  14                  22               12173                  16                   0                   0            12000526
                 110                 122                  13                  22               18208                  16                   0                   0            12000518
                 111                 123                  13                  23               12214                  16                   0                   0            12000518
                 110                 123                  13                  22               57684                  16                   0                   0            12000519
                 110                 121                  13                  22               12213                  16                   0                   0            12000516
                 108                 121                  13                  22               57959                  15                   0                   0            12000515
                 109                 120                  13                  22               58345                  15                   0                   4            12000500
                 111                 122                  13                  23               12208                  16                   0                   0            12000503
                 109                 121                  13                  22               19887                  16                   0                   0            12000508
                 111                 122                  13                  22               18179                  17                   0                   0            12000514
                 109                 123                  14                  22               18175                  16                   0                   0            12000531
                 108                 121                  14                  22               57730                  15                   0                   0            12000519
                 112                 126                  14                  23               58197                  17                   0                   0            12000538
                 109                 121                  13                  22               13315                  16                   0                   0            12000510
                 110                 123                  13                  23               18159                  16                   0                   0            12000523
                 109                 120                  13                  22               12210                  16                   0                   0            12000496
                 109                 122                  13                  22               18244                  16                   0                   0            12000519
                 109                 121                  13                  22               43302                  16                   0                   0            12000510
                 109                 122                  14                  22               18191                  16                   0                   0            12000520
                 108                 121                  13                  22               18211                  16                   0                   0            12000516
                 109                 120                  13                  22               18148                  16                   0                   0            12000509
                 109                 122                  13                  22               13266                  16                   0                   0            12000510
                 109                 122                  13                  23                9979                  16                   0                   0            12000520
                 110                 122                  13                  22               57745                  15                   0                   0            12000506
                 109                 121                  13                  22               12194                  16                   0                   0            12000520
                 111                 122                  13                  23              117170                  17                   0                   0            12000489
                 110                 121                  13                  23               59029                  16                   0                   0            12000500
                 110                 121                  13                  22               18188                  16                   0                   0            12000508
                 109                 121                  13                  22               21841                  16                   0                   0            12000509
--------------------------------
              irqlat          irqlat-end    tlb_il1_miss_el1    tlb_il1_miss_el2    tlb_dl1_miss_el1    tlb_dl1_miss_el2         mem_acc_el1         mem_acc_el2              cycles
                 113                 125                   0                   0                   0                   0             3828590                 102            12000164
                 111                 122                   0                   0                   0                   0             3705051                 102            12000509
                 110                 121                   0                   0                   0                   0             3729782                 102            12000507
                 110                 123                   0                   0                   0                   0             3715012                 102            12000516
                 108                 121                   0                   0                   0                   0             3703420                 102            12000519
                 110                 122                   0                   0                   0                   0             3716273                 102            12000520
                 109                 122                   0                   0                   0                   0             3709157                 102            12000525
                 110                 121                   0                   0                   0                   0             3714940                 102            12000514
                 110                 123                   0                   0                   0                   0             3710445                 102            12000535
                 110                 122                   0                   0                   0                   0             3711421                 102            12000526
                 110                 121                   0                   0                   0                   0             3712033                 102            12000513
                 110                 121                   0                   0                   0                   0             3709728                 102            12000512
                 108                 121                   0                   0                   0                   0             3706510                 102            12000514
                 110                 122                   0                   0                   0                   0             3709171                 102            12000516
                 108                 119                   0                   0                   0                   0             3716272                 102            12000514
                 110                 122                   0                   0                   0                   0             3713380                 102            12000521
                 108                 120                   0                   0                   0                   0             3716297                 102            12000505
                 108                 121                   0                   0                   0                   0             3707731                 102            12000519
                 108                 120                   0                   0                   0                   0             3661579                 102            12000521
                 110                 122                   0                   0                   0                   0             3712004                 102            12000527
                 108                 121                   0                   0                   0                   0             3697475                 102            12000520
                 110                 122                   0                   0                   0                   0             3711140                 102            12000519
                 108                 120                   0                   0                   0                   0             3792791                 102            12000521
                 110                 122                   0                   0                   0                   0             3714158                 102            12000519
                 110                 121                   0                   0                   0                   0             3713362                 102            12000508
                 110                 122                   0                   0                   0                   0             3705021                 102            12000529
                 109                 120                   0                   0                   0                   0             3722214                 102            12000510
                 108                 120                   0                   0                   0                   0             3709545                 102            12000505
                 110                 122                   0                   0                   0                   0             3711113                 102            12000524
                 109                 120                   0                   0                   0                   0             3711422                 102            12000504
                 109                 121                   0                   0                   0                   0             3706601                 102            12000522
                 109                 122                   0                   0                   0                   0             3711329                 102            12000522
                 108                 119                   0                   0                   0                   0             3711405                 102            12000507
                 108                 121                   0                   0                   0                   0             3729135                 102            12000512
                 108                 120                   0                   0                   0                   0             3711394                 102            12000504
                 110                 122                   0                   0                   0                   0             3708646                 102            12000519
                 110                 121                   0                   0                   0                   0             3713968                 102            12000502
                 110                 121                   0                   0                   0                   0             3710379                 102            12000509
                 109                 120                   0                   0                   0                   0             3710491                 102            12000496
                 109                 121                   0                   0                   0                   0             3643841                 102            12000509
                 109                 122                   0                   0                   0                   0             3705004                 102            12000511
                 109                 121                   0                   0                   0                   0             3714148                 102            12000509
                 109                 121                   0                   0                   0                   0             3716478                 102            12000509
                 110                 123                   0                   0                   0                   0             3716469                 102            12000523
                 108                 120                   0                   0                   0                   0             3695236                 102            12000513
                 109                 120                   0                   0                   0                   0             3703408                 102            12000507
                 110                 122                   0                   0                   0                   0             3696179                 102            12000526
                 110                 122                   0                   0                   0                   0             3706564                 102            12000516
                 111                 123                   0                   0                   0                   0             3737728                 102            12000507
                 110                 122                   0                   0                   0                   0             3714929                 102            12000518
--------------------------------
              irqlat          irqlat-end         bus_acc_el1         bus_acc_el2      exceptions_el1      exceptions_el2            irqs_el1            irqs_el2              cycles
                 113                 124                   1                   5                   1                   1                   2                   0            12000282
                 110                 122                   1                   5                   1                   1                   2                   0            12000524
                 108                 121                   1                   5                   1                   1                   2                   0            12000510
                 109                 120                   1                   5                   1                   1                   2                   0            12000502
                 110                 121                   1                   5                   1                   1                   2                   0            12000511
                 109                 121                   1                   5                   1                   1                   2                   0            12000524
                 109                 122                   1                   5                   1                   1                   2                   0            12000515
                 110                 121                   1                   5                   1                   1                   2                   0            12000509
                 110                 122                   1                   5                   1                   1                   2                   0            12000522
                 110                 122                   1                   5                   1                   1                   2                   0            12000511
                 109                 122                   1                   5                   1                   1                   2                   0            12000525
                 109                 121                   1                   5                   1                   1                   2                   0            12000525
                 109                 120                   1                   5                   1                   1                   2                   0            12000510
                 107                 119                   1                   5                   1                   1                   2                   0            12000521
                 111                 123                   1                   5                   1                   1                   2                   0            12000517
                 107                 120                   1                   5                   1                   1                   2                   0            12000519
                 110                 122                   1                   5                   1                   1                   2                   0            12000525
                 109                 122                   1                   5                   1                   1                   2                   0            12000514
                 108                 121                   1                   5                   1                   1                   2                   0            12000524
                 110                 121                   1                   5                   1                   1                   2                   0            12000501
                 110                 121                   1                   5                   1                   1                   2                   0            12000508
                 110                 123                   1                   5                   1                   1                   2                   0            12000531
                 109                 121                   1                   5                   1                   1                   2                   0            12000505
                 110                 121                   1                   5                   1                   1                   2                   0            12000508
                 109                 120                   1                   5                   1                   1                   2                   0            12000508
                 110                 122                   1                   5                   1                   1                   2                   0            12000521
                 108                 120                   1                   5                   1                   1                   2                   0            12000507
                 109                 120                   1                   5                   1                   1                   2                   0            12000511
                 110                 122                   1                   5                   1                   1                   2                   0            12000510
                 109                 121                   1                   5                   1                   1                   2                   0            12000504
                 109                 122                   1                   5                   1                   1                   2                   0            12000524
                 114                 127                   1                   5                   1                   1                   2                   0            12000529
                 109                 121                   1                   5                   1                   1                   2                   0            12000527
                 109                 122                   1                   5                   1                   1                   2                   0            12000509
                 109                 120                   1                   5                   1                   1                   2                   0            12000493
                 110                 122                   1                   5                   1                   1                   2                   0            12000524
                 110                 122                   1                   5                   1                   1                   2                   0            12000519
                 109                 121                   1                   5                   1                   1                   2                   0            12000520
                 109                 121                   1                   5                   1                   1                   2                   0            12000508
                 110                 121                   1                   5                   1                   1                   2                   0            12000508
                 108                 120                   1                   5                   1                   1                   2                   0            12000496
                 109                 120                   1                   5                   1                   1                   2                   0            12000510
                 110                 122                   1                   5                   1                   1                   2                   0            12000518
                 109                 122                   1                   5                   1                   1                   2                   0            12000522
                 108                 120                   1                   5                   1                   1                   2                   0            12000503
                 109                 121                   1                   5                   1                   1                   2                   0            12000507
                 110                 122                   1                   5                   1                   1                   2                   0            12000526
                 109                 122                   1                   5                   1                   1                   2                   0            12000523
                 110                 122                   1                   5                   1                   1                   2                   0            12000526
                 110                 121                   1                   5                   1                   1                   2                   0            12000502
--------------------------------
              irqlat          irqlat-end        inst_ret_el1        inst_ret_el2              cycles
                 111                 124            18533422                 225            12000360
                 110                 122            18517557                 225            12000526
                 108                 120            19168744                 225            12000500
                 110                 122            18575447                 225            12000523
                 108                 120            18547373                 225            12000518
                 110                 122            18534860                 225            12000523
                 110                 121            18550131                 225            12000506
                 110                 122            18533901                 225            12000522
                 109                 122            18544449                 225            12000520
                 109                 122            18550027                 225            12000506
                 109                 121            18530604                 225            12000520
                 109                 121            18422273                 225            12000517
                 110                 122            18552557                 225            12000519
                 109                 122            18524670                 225            12000523
                 110                 121            18550138                 225            12000518
                 109                 122            18560529                 225            12000519
                 110                 123            18518067                 225            12000531
                 109                 120            19043859                 225            12000506
                 110                 121            18561664                 225            12000510
                 109                 120            18548535                 225            12000510
                 110                 123            18545018                 225            12000520
                 110                 122            18574146                 225            12000515
                 109                 120            18509591                 225            12000512
                 110                 122            18549911                 225            12000524
                 110                 121            18643211                 225            12000511
                 110                 121            18861242                 225            12000514
                 110                 122            18524933                 225            12000517
                 110                 121            18534118                 225            12000506
                 109                 120            18580729                 225            12000511
                 108                 119            19165112                 225            12000493
                 106                 118            18455987                 225            12000505
                 110                 123            18552444                 225            12000519
                 109                 121            18750996                 225            12000511
                 110                 122            18562270                 225            12000528
                 110                 121            18643297                 225            12000508
                 109                 122            18559735                 225            12000522
                 110                 121            18534858                 225            12000510
                 110                 122            18619887                 225            12000529
                 108                 120            19360619                 225            12000517
                 112                 124            18575167                 225            12000516
                 110                 122            18560402                 225            12000520
                 109                 121            18517605                 225            12000509
                 109                 121            18586100                 225            12000517
                 109                 122            18555830                 225            12000517
                 109                 120            18517857                 225            12000515
                 109                 122            18550072                 225            12000521
                 109                 122            18549795                 225            12000524
                 109                 122            18566677                 225            12000530
                 110                 122            18574134                 225            12000516
                 111                 122            18531074                 225            12000500
Press 's' to start...
