--------------------------------
              irqlat          irqlat-end       l1$i_miss_el1       l1$i_miss_el2       l1$d_miss_el1       l1$d_miss_el2       l2$d_miss_el1       l2$d_miss_el2              cycles
                 176                 201                  15                  22               11443                  16                 515                   0             6000152
                 172                 197                  14                  22               29711                  16                   0                   0             6000445
                 175                 200                  13                  22                9144                  16                   0                   0             6000469
                 174                 199                  14                  22                6137                  16                   0                   0             6000468
                 175                 198                  13                  23                9180                  16                   0                   0             6000459
                 171                 194                  13                  22               28821                  15                   0                   0             6000439
                 174                 199                  13                  22                6160                  16                   0                   0             6000471
                 173                 198                  14                  22                9153                  16                   0                   0             6000465
                 175                 199                  13                  22                6180                  16                   0                   0             6000469
                 175                 198                  14                  22                9115                  16                   0                   0             6000447
                 176                 200                  13                  22                6157                  16                   0                   0             6000468
                 174                 197                  14                  22                9943                  16                   0                   0             6000450
                 175                 198                  13                  22                9156                  16                   0                   0             6000456
                 174                 197                  14                  22               29069                  16                   0                   0             6000452
                 175                 200                  13                  23                6136                  16                   0                   0             6000472
                 168                 191                  13                  22               29637                  14                   0                   0             6000437
                 176                 201                  14                  22               21786                  16                   0                   0             6000464
                 182                 205                  14                  23               28784                  15                   0                   0             6000450
                 174                 198                  13                  22                6137                  16                   0                   0             6000469
                 174                 202                  15                  22                9149                  16                   0                   0             6000475
                 173                 199                  14                  22               28929                  15                   0                   0             6000470
                 176                 199                  13                  22                9150                  16                   0                   0             6000455
                 175                 200                  14                  23                9184                  16                   0                   0             6000472
                 173                 198                  14                  22               28874                  13                   0                   4             6000472
                 177                 202                  14                  23               18259                  16                   0                   0             6000471
                 174                 197                  14                  22                9112                  16                   0                   0             6000451
                 173                 201                  15                  22               29289                  14                   0                   0             6000476
                 175                 200                  14                  22                6180                  16                   0                   0             6000470
                 174                 199                  14                  22                9176                  16                   0                   0             6000471
                 176                 200                  13                  22               11428                  16                   0                   0             6000470
                 175                 200                  14                  23                9182                  16                   0                   0             6000471
                 176                 201                  14                  22                9161                  16                   0                   0             6000461
                 177                 201                  13                  23                6140                  16                   0                   0             6000474
                 174                 197                  14                  22                9152                  16                   0                   0             6000449
                 175                 198                  13                  23                9151                  16                   0                   0             6000456
                 175                 200                  14                  22                9177                  16                   0                   0             6000462
                 175                 197                  14                  22               21800                  16                   0                   0             6000455
                 171                 196                  14                  22               21761                  16                   0                   0             6000448
                 174                 201                  15                  22                6148                  16                   0                   0             6000482
                 174                 199                  14                  22                6125                  16                   0                   0             6000467
                 175                 197                  14                  22                9172                  16                   0                   0             6000456
                 176                 200                  13                  22                6184                  16                   0                   0             6000470
                 178                 200                  13                  23                9218                  16                   0                   0             6000460
                 175                 197                  14                  22                9105                  16                   0                   0             6000447
                 175                 198                  13                  22                9138                  16                   0                   0             6000454
                 176                 198                  13                  22                6149                  16                   0                   0             6000461
                 174                 199                  14                  22                9144                  16                   0                   0             6000467
                 176                 201                  14                  23                9123                  16                   0                   0             6000466
                 174                 201                  15                  22                6694                  16                   0                   0             6000481
                 174                 199                  14                  22                9171                  16                   0                   0             6000465
--------------------------------
              irqlat          irqlat-end    tlb_il1_miss_el1    tlb_il1_miss_el2    tlb_dl1_miss_el1    tlb_dl1_miss_el2         mem_acc_el1         mem_acc_el2              cycles
                 181                 206                   0                   0                   0                   0             1856504                 102             6000232
                 181                 206                   0                   0                   0                   0             1858136                 102             6000470
                 175                 199                   0                   0                   0                   0             1858057                 102             6000462
                 174                 197                   0                   0                   0                   0             1856009                 102             6000451
                 173                 198                   0                   0                   0                   0             1854828                 102             6000475
                 175                 200                   0                   0                   0                   0             1853401                 102             6000473
                 175                 200                   0                   0                   0                   0             1854271                 102             6000465
                 176                 201                   0                   0                   0                   0             1861245                 102             6000474
                 175                 197                   0                   0                   0                   0             1852445                 102             6000457
                 175                 200                   0                   0                   0                   0             1860004                 102             6000465
                 174                 199                   0                   0                   0                   0             1855959                 102             6000470
                 178                 201                   0                   0                   0                   0             1864704                 102             6000454
                 176                 200                   0                   0                   0                   0             1853200                 102             6000474
                 176                 199                   0                   0                   0                   0             1855629                 102             6000451
                 173                 196                   0                   0                   0                   0             1857018                 102             6000454
                 172                 197                   0                   0                   0                   0             1850740                 102             6000454
                 171                 195                   0                   0                   0                   0             1850465                 102             6000451
                 180                 205                   0                   0                   0                   0             1854803                 102             6000469
                 172                 196                   0                   0                   0                   0             1852025                 102             6000452
                 170                 195                   0                   0                   0                   0             1866966                 102             6000462
                 172                 197                   0                   0                   0                   0             1853387                 102             6000467
                 175                 200                   0                   0                   0                   0             1854779                 102             6000476
                 173                 198                   0                   0                   0                   0             1855186                 102             6000468
                 176                 198                   0                   0                   0                   0             1856548                 102             6000452
                 176                 198                   0                   0                   0                   0             1852415                 102             6000460
                 172                 197                   0                   0                   0                   0             1866319                 102             6000461
                 175                 198                   0                   0                   0                   0             1853192                 102             6000455
                 174                 197                   0                   0                   0                   0             1856955                 102             6000452
                 177                 200                   0                   0                   0                   0             1828226                 102             6000455
                 175                 200                   0                   0                   0                   0             1857570                 102             6000469
                 175                 202                   0                   0                   0                   0             1856953                 102             6000467
                 170                 195                   0                   0                   0                   0             1827560                 102             6000447
                 173                 198                   0                   0                   0                   0             1855524                 102             6000469
                 174                 199                   0                   0                   0                   0             1835451                 102             6000455
                 172                 195                   0                   0                   0                   0             1857029                 102             6000457
                 174                 199                   0                   0                   0                   0             1862767                 102             6000472
                 175                 203                   0                   0                   0                   0             1864817                 102             6000475
                 176                 199                   0                   0                   0                   0             1864839                 102             6000457
                 174                 200                   0                   0                   0                   0             1856596                 102             6000472
                 175                 197                   0                   0                   0                   0             1855145                 102             6000450
                 172                 197                   0                   0                   0                   0             1837762                 102             6000467
                 172                 197                   0                   0                   0                   0             1871327                 102             6000468
                 172                 197                   0                   0                   0                   0             1857001                 102             6000469
                 176                 201                   0                   0                   0                   0             1856225                 102             6000471
                 176                 201                   0                   0                   0                   0             1858183                 102             6000467
                 176                 201                   0                   0                   0                   0             1855106                 102             6000466
                 173                 196                   0                   0                   0                   0             1862192                 102             6000451
                 176                 198                   0                   0                   0                   0             1856988                 102             6000452
                 174                 200                   0                   0                   0                   0             1858111                 102             6000467
                 176                 201                   0                   0                   0                   0             1853218                 102             6000467
--------------------------------
              irqlat          irqlat-end         bus_acc_el1         bus_acc_el2      exceptions_el1      exceptions_el2            irqs_el1            irqs_el2              cycles
                 185                 210                   1                   5                   1                   1                   2                   0             6000309
                 178                 200                   1                   5                   1                   1                   2                   0             6000452
                 175                 201                   1                   5                   1                   1                   2                   0             6000470
                 176                 199                   1                   5                   1                   1                   2                   0             6000461
                 177                 201                   1                   5                   1                   1                   2                   0             6000469
                 176                 198                   1                   5                   1                   1                   2                   0             6000451
                 172                 200                   1                   5                   1                   1                   2                   0             6000475
                 180                 204                   1                   5                   1                   1                   2                   0             6000475
                 173                 195                   1                   5                   1                   1                   2                   0             6000452
                 176                 201                   1                   5                   1                   1                   2                   0             6000468
                 173                 198                   1                   5                   1                   1                   2                   0             6000471
                 176                 198                   1                   5                   1                   1                   2                   0             6000451
                 170                 195                   1                   5                   1                   1                   2                   0             6000463
                 173                 198                   1                   5                   1                   1                   2                   0             6000464
                 176                 202                   1                   5                   1                   1                   2                   0             6000460
                 174                 199                   1                   5                   1                   1                   2                   0             6000460
                 174                 200                   1                   5                   1                   1                   2                   0             6000467
                 176                 198                   1                   5                   1                   1                   2                   0             6000456
                 175                 198                   1                   5                   1                   1                   2                   0             6000453
                 169                 194                   1                   5                   1                   1                   2                   0             6000466
                 178                 200                   1                   5                   1                   1                   2                   0             6000454
                 175                 200                   1                   5                   1                   1                   2                   0             6000466
                 173                 198                   1                   5                   1                   1                   2                   0             6000474
                 183                 208                   1                   5                   1                   1                   2                   0             6000471
                 173                 196                   1                   5                   1                   1                   2                   0             6000454
                 176                 198                   1                   5                   1                   1                   2                   0             6000458
                 173                 198                   1                   5                   1                   1                   2                   0             6000467
                 165                 189                   1                   5                   1                   1                   2                   0             6000448
                 176                 199                   1                   5                   1                   1                   2                   0             6000461
                 173                 198                   1                   5                   1                   1                   2                   0             6000469
                 172                 195                   1                   5                   1                   1                   2                   0             6000454
                 175                 200                   1                   5                   1                   1                   2                   0             6000466
                 176                 200                   1                   5                   1                   1                   2                   0             6000470
                 173                 196                   1                   5                   1                   1                   2                   0             6000452
                 176                 201                   1                   5                   1                   1                   2                   0             6000473
                 171                 196                   1                   5                   1                   1                   2                   0             6000475
                 172                 197                   1                   5                   1                   1                   2                   0             6000462
                 175                 197                   1                   5                   1                   1                   2                   0             6000456
                 172                 195                   1                   5                   1                   1                   2                   0             6000451
                 176                 200                   1                   5                   1                   1                   2                   0             6000469
                 173                 195                   1                   5                   1                   1                   2                   0             6000455
                 176                 201                   1                   5                   1                   1                   2                   0             6000466
                 173                 198                   1                   5                   1                   1                   2                   0             6000470
                 175                 202                   1                   5                   1                   1                   2                   0             6000481
                 173                 198                   1                   5                   1                   1                   2                   0             6000468
                 176                 198                   1                   5                   1                   1                   2                   0             6000457
                 172                 198                   1                   5                   1                   1                   2                   0             6000461
                 175                 198                   1                   5                   1                   1                   2                   0             6000451
                 188                 211                   1                   5                   1                   1                   2                   0             6000451
                 174                 197                   1                   5                   1                   1                   2                   0             6000462
--------------------------------
              irqlat          irqlat-end        inst_ret_el1        inst_ret_el2              cycles
                 179                 204             9274963                 226             6000370
                 178                 203             9274328                 225             6000466
                 176                 201             9285711                 225             6000472
                 176                 200             9271690                 225             6000469
                 174                 196             9227706                 225             6000456
                 174                 199             9275840                 225             6000462
                 175                 199             9271396                 225             6000464
                 182                 207             9209252                 225             6000476
                 174                 202             9216150                 225             6000475
                 175                 199             9346863                 225             6000470
                 173                 199             9455347                 225             6000465
                 177                 199             9321178                 225             6000462
                 175                 197             9274249                 225             6000454
                 176                 204             9282240                 225             6000476
                 175                 198             9258165                 225             6000452
                 176                 202             9289683                 225             6000468
                 173                 198             9291601                 225             6000462
                 175                 197             9280399                 225             6000460
                 175                 197             9276745                 225             6000451
                 177                 201             9286581                 225             6000470
                 177                 204             9179719                 225             6000479
                 174                 197             9282620                 225             6000456
                 174                 199             9282806                 225             6000468
                 178                 202             9279399                 225             6000471
                 177                 200             9321333                 225             6000459
                 177                 201             9279009                 225             6000472
                 175                 200             9276707                 225             6000464
                 175                 200             9276613                 225             6000471
                 173                 195             9266381                 225             6000451
                 175                 200             9261660                 225             6000473
                 174                 199             9274459                 225             6000467
                 172                 194             9287614                 225             6000434
                 179                 201             9266610                 225             6000449
                 173                 197             9399832                 225             6000469
                 174                 199             9275623                 225             6000471
                 174                 197             9273827                 225             6000462
                 176                 200             9261495                 225             6000468
                 176                 203             9280634                 225             6000480
                 175                 198             9321111                 225             6000454
                 174                 199             9320843                 225             6000470
                 175                 199             9532977                 225             6000469
                 176                 198             9287233                 225             6000458
                 175                 197             9289672                 225             6000456
                 174                 199             9279677                 225             6000474
                 177                 201             9250082                 225             6000476
                 171                 194             9349667                 225             6000453
                 175                 200             9396809                 225             6000465
                 174                 201             9532496                 225             6000476
                 176                 198             9280046                 225             6000459
                 174                 199             9279566                 225             6000467
Press 's' to start...
