--------------------------------
              irqlat          irqlat-end       l1$i_miss_el1       l1$i_miss_el2       l1$d_miss_el1       l1$d_miss_el2       l2$d_miss_el1       l2$d_miss_el2              cycles
                 878                1584                 314                 546               12639                 110                 586                  12            11996203
                 978                1687                 204                 411               20043                  69                   0                   0            12005477
                 970                1670                 200                 383               43509                  73                   0                   0            12005447
                 966                1669                 200                 403               13541                  69                   0                   0            12005436
                 972                1670                 203                 392               22080                  73                   0                   0            12005450
                 976                1674                 198                 402               12443                  71                   1                   0            12005406
                 970                1663                 199                 378               12431                  71                   0                   0            12005409
                 969                1669                 203                 391               12437                  72                   0                   0            12005468
                 977                1678                 201                 398               18426                  72                   0                   0            12005449
                 975                1671                 196                 396               58168                  69                   0                   0            12005375
                 977                1678                 197                 392               18452                  74                   0                   0            12005475
                 977                1685                 201                 407               13535                  74                   0                   0            12005509
                 974                1670                 202                 384               20097                  70                   0                   0            12005468
                 970                1672                 201                 390               12371                  71                   0                   0            12005444
                 978                1676                 201                 399               13531                  70                   0                   0            12005405
                 977                1684                 203                 397               12424                  72                   0                   0            12005494
                 967                1664                 198                 392               13521                  75                   0                   0            12005384
                 974                1680                 202                 393               58879                  74                   0                   0            12005454
                 971                1674                 203                 385               61485                  70                   0                   0            12005457
                 968                1671                 201                 383               22015                  75                   0                   0            12005472
                 970                1672                 201                 395               18429                  67                   0                   0            12005455
                 965                1669                 199                 388               18461                  70                   0                   0            12005449
                 964                1664                 199                 378               18476                  72                   0                   0            12005476
                 970                1679                 201                 406               59334                  70                   0                   0            12005462
                 973                1673                 199                 389               18418                  70                   0                   0            12005437
                 968                1671                 196                 382               36634                  74                   0                   0            12005432
                 969                1665                 199                 388               18425                  70                   0                   0            12005450
                 964                1666                 199                 384               61431                  71                   0                   0            12005428
                 978                1674                 199                 396               58308                  73                   0                   0            12005394
                 972                1668                 202                 384               58212                  74                   0                   0            12005447
                 974                1668                 200                 388               10211                  72                   0                   0            12005445
                 970                1673                 201                 394               58179                  69                   0                   0            12005448
                 977                1673                 201                 396               18436                  70                   0                   0            12005466
                 962                1663                 200                 391               18434                  71                   0                   0            12005451
                 974                1674                 200                 398               43780                  72                   0                   0            12005450
                 972                1672                 202                 401               20163                  66                   0                   0            12005447
                 960                1658                 204                 389               18442                  74                   0                   0            12005443
                 971                1674                 203                 415               12434                  74                   0                   0            12005434
                 958                1651                 197                 386               58829                  66                   0                   0            12005379
                 972                1672                 200                 388               60114                  73                   0                   0            12005474
                 963                1660                 202                 388               12440                  71                   0                   0            12005424
                 969                1670                 205                 393               36703                  70                   0                   0            12005457
                 975                1676                 198                 394               18496                  72                   0                   0            12005431
                 975                1676                 199                 400               12393                  75                   0                   0            12005417
                 967                1667                 199                 397               58149                  71                   0                   0            12005410
                 971                1666                 201                 399               12415                  70                   0                   0            12005420
                 969                1659                 203                 392               58053                  67                   0                   0            12005435
                 971                1664                 201                 388               13537                  70                   0                   0            12005419
                 974                1675                 201                 405               12442                  70                   0                   0            12005451
                 976                1667                 203                 389               12433                  70                   0                   0            12005448
--------------------------------
              irqlat          irqlat-end    tlb_il1_miss_el1    tlb_il1_miss_el2    tlb_dl1_miss_el1    tlb_dl1_miss_el2         mem_acc_el1         mem_acc_el2              cycles
                1032                1793                   0                   0                   0                   0             3711245                2559            12005304
                 995                1716                   0                   0                   0                   0             3709506                2558            12005445
                 987                1702                   0                   0                   0                   0             3692127                2558            12005401
                 990                1710                   0                   0                   0                   0             3712839                2558            12005417
                 988                1715                   0                   0                   0                   0             3717308                2558            12005408
                 990                1717                   0                   0                   0                   0             3712186                2558            12005461
                 998                1720                   0                   0                   0                   0             3704223                2558            12005477
                 995                1714                   0                   0                   0                   0             3717121                2558            12005437
                1000                1697                   0                   0                   0                   0             3711246                2576            12005385
                 974                1670                   0                   0                   0                   0             3707717                2502            12005428
                 971                1670                   0                   0                   0                   0             3705885                2502            12005445
                 968                1665                   0                   0                   0                   0             3714241                2502            12005394
                 969                1657                   0                   0                   0                   0             3709613                2502            12005398
                 968                1662                   0                   0                   0                   0             3695220                2502            12005402
                 966                1665                   0                   0                   0                   0             3704013                2502            12005381
                 966                1655                   0                   0                   0                   0             3712105                2502            12005406
                 952                1648                   0                   0                   0                   0             3710585                2502            12005323
                 964                1656                   0                   0                   0                   0             3712206                2502            12005403
                 963                1663                   0                   0                   0                   0             3901782                2502            12005369
                 975                1674                   0                   0                   0                   0             3705862                2502            12005426
                 968                1668                   0                   0                   0                   0             3705889                2502            12005402
                 971                1671                   0                   0                   0                   0             3704302                2502            12005437
                 977                1671                   0                   0                   0                   0             3723819                2502            12005389
                 969                1670                   0                   0                   0                   0             3730693                2502            12005440
                 970                1661                   0                   0                   0                   0             3705767                2502            12005395
                 968                1660                   0                   0                   0                   0             3715008                2502            12005427
                 965                1658                   0                   0                   0                   0             3712233                2502            12005456
                 966                1662                   0                   0                   0                   0             3712350                2502            12005432
                 966                1657                   0                   0                   0                   0             3715115                2502            12005354
                 968                1666                   0                   0                   0                   0             3682809                2502            12005330
                 973                1672                   0                   0                   0                   0             3714917                2502            12005434
                 962                1655                   0                   0                   0                   0             3710546                2502            12005418
                 967                1666                   0                   0                   0                   0             3712928                2502            12005408
                 972                1676                   0                   0                   0                   0             3710559                2502            12005464
                 970                1670                   0                   0                   0                   0             3705958                2502            12005420
                 967                1655                   0                   0                   0                   0             3717192                2502            12005420
                 971                1664                   0                   0                   0                   0             3715820                2502            12005474
                 965                1656                   0                   0                   0                   0             3714212                2502            12005458
                 958                1650                   0                   0                   0                   0             3712241                2502            12005444
                 977                1667                   0                   0                   0                   0             3704314                2502            12005454
                 974                1671                   0                   0                   0                   0             3717202                2502            12005467
                 962                1652                   0                   0                   0                   0             3723033                2502            12005468
                 963                1666                   0                   0                   0                   0             3734201                2502            12005440
                 960                1657                   0                   0                   0                   0             3708207                2502            12005364
                 971                1665                   0                   0                   0                   0             3711292                2502            12005418
                 963                1667                   0                   0                   0                   0             3707401                2502            12005408
                 961                1661                   0                   0                   0                   0             3730650                2502            12005419
                 964                1667                   0                   0                   0                   0             3689539                2502            12005435
                 963                1662                   0                   0                   0                   0             3717174                2502            12005454
                 968                1664                   0                   0                   0                   0             3714773                2502            12005455
--------------------------------
              irqlat          irqlat-end         bus_acc_el1         bus_acc_el2      exceptions_el1      exceptions_el2            irqs_el1            irqs_el2              cycles
                1021                1761                   1                  10                   1                   8                   3                   0            12005380
                 994                1717                   1                  11                   1                   8                   3                   0            12005450
                 999                1722                   1                  11                   1                   8                   3                   0            12005485
                 992                1710                   1                  11                   1                   8                   3                   0            12005406
                 990                1715                   1                  11                   1                   8                   3                   0            12005404
                1001                1719                   1                  11                   1                   8                   3                   0            12005450
                 991                1715                   1                  11                   1                   8                   3                   0            12005432
                 996                1709                   1                  11                   1                   8                   3                   0            12005398
                 990                1695                   1                  11                   1                   8                   3                   0            12005367
                 970                1663                   1                  11                   1                   8                   3                   0            12005427
                 967                1646                   1                  11                   1                   8                   3                   0            12005357
                 970                1655                   1                  11                   1                   8                   3                   0            12005379
                 964                1660                   1                  11                   1                   8                   3                   0            12005376
                 967                1669                   1                  11                   1                   8                   3                   0            12005359
                 969                1661                   1                  11                   1                   8                   3                   0            12005404
                 968                1664                   1                  11                   1                   8                   3                   0            12005413
                 975                1676                   1                  11                   1                   8                   3                   0            12005405
                 980                1674                   1                  11                   1                   8                   3                   0            12005451
                 977                1677                   1                  11                   1                   8                   3                   0            12005472
                 966                1659                   1                  11                   1                   8                   3                   0            12005399
                 971                1667                   1                  11                   1                   8                   3                   0            12005438
                 975                1677                   1                  11                   1                   8                   3                   0            12005429
                 969                1665                   1                  11                   1                   8                   3                   0            12005435
                 970                1664                   1                  11                   1                   8                   3                   0            12005418
                 961                1657                   1                  11                   1                   8                   3                   0            12005410
                 974                1674                   1                  11                   1                   8                   3                   0            12005466
                 970                1672                   1                  11                   1                   8                   3                   0            12005475
                 965                1658                   1                  11                   1                   8                   3                   0            12005363
                 972                1678                   1                  11                   1                   8                   3                   0            12005399
                 963                1659                   1                  11                   1                   8                   3                   0            12005421
                 973                1664                   5                  11                   1                   8                   3                   0            12005427
                 970                1668                   1                  11                   1                   8                   3                   0            12005441
                 959                1655                   1                  11                   1                   8                   3                   0            12005396
                 972                1664                   1                  11                   1                   8                   3                   0            12005373
                 972                1668                   1                  11                   1                   8                   3                   0            12005378
                 978                1665                   1                  11                   1                   8                   3                   0            12005374
                 964                1664                   1                  11                   1                   8                   3                   0            12005410
                 976                1669                   1                  11                   1                   8                   3                   0            12005428
                 972                1672                   1                  11                   1                   8                   3                   0            12005384
                 975                1679                   1                  11                   1                   8                   3                   0            12005431
                 970                1673                   1                  11                   1                   8                   3                   0            12005402
                 972                1679                   1                  11                   1                   8                   3                   0            12005414
                 970                1657                   1                  11                   1                   8                   3                   0            12005466
                 969                1668                   1                  11                   1                   8                   3                   0            12005421
                 968                1667                   1                  11                   1                   8                   3                   0            12005487
                 964                1659                   1                  11                   1                   8                   3                   0            12005474
                 966                1662                   1                  11                   1                   8                   3                   0            12005391
                 982                1678                   1                  11                   1                   8                   3                   0            12005433
                 968                1660                   1                  11                   1                   8                   3                   0            12005405
                 964                1665                   1                  11                   1                   8                   3                   0            12005444
--------------------------------
              irqlat          irqlat-end        inst_ret_el1        inst_ret_el2              cycles
                1017                1772            18534469                7957            12005467
                 999                1719            18550886                7953            12005397
                 989                1712            18518783                7952            12005435
                 992                1714            18581743                7952            12005478
                1003                1720            18545481                7950            12005481
                 991                1711            18561100                7952            12005441
                 994                1719            18656540                7952            12005450
                 994                1721            18130850                7951            12005420
                1005                1694            18644402                7757            12005455
                 972                1668            18531028                7680            12005461
                 970                1675            18584991                7680            12005397
                 964                1658            18201773                7682            12005396
                 968                1661            18753961                7683            12005426
                 972                1675            18644494                7682            12005455
                 963                1655            18921838                7683            12005435
                 972                1678            18531507                7683            12005450
                 974                1674            18535928                7683            12005420
                 973                1670            18494026                7684            12005475
                 968                1669            18561644                7682            12005413
                 967                1664            18561240                7683            12005484
                 972                1663            18573424                7683            12005437
                 970                1667            18574794                7683            12005397
                 965                1659            18549591                7681            12005404
                 962                1663            18749057                7683            12005408
                 974                1673            18826964                7681            12005449
                 976                1668            18576440                7682            12005464
                 970                1659            18549419                7681            12005421
                 956                1652            18525541                7681            12005374
                 971                1671            18555399                7681            12005398
                 970                1659            18526051                7681            12005435
                 976                1669            18539388                7680            12005415
                 971                1680            18498563                7680            12005451
                 976                1681            18611671                7680            12005448
                 963                1662            18314337                7681            12005411
                 967                1660            18718541                7680            12005382
                 968                1667            18522430                7682            12005371
                 967                1658            18554335                7682            12005444
                 961                1659            18401068                7682            12005400
                 966                1665            18548517                7681            12005429
                 964                1662            18611206                7680            12005398
                 965                1659            18529827                7679            12005444
                 967                1660            18553980                7679            12005427
                 961                1662            18549471                7681            12005444
                 963                1662            18778480                7680            12005476
                 962                1658            18548635                7679            12005427
                 968                1671            18478799                7682            12005398
                 968                1669            18525643                7682            12005438
                 974                1682            18522324                7683            12005489
                 974                1675            18561951                7682            12005437
                 971                1664            18554208                7682            12005411
Press 's' to start...
