--------------------------------
              irqlat          irqlat-end       l1$i_miss_el1       l1$i_miss_el2       l1$d_miss_el1       l1$d_miss_el2       l2$d_miss_el1       l2$d_miss_el2              cycles
                5651                8026                 307                 523               43851                 110                 865                 450            11986319
                8289               10269                 199                 384               12536                  72                 219                 324            12043879
                8376               10371                 195                 388               12461                  70                 216                 328            12047837
                8261               10200                 195                 405               12399                  71                 215                 327            12045459
                7966                9879                 196                 383               22174                  69                 215                 326            12043862
                8102               10129                 197                 394               12504                  72                 215                 323            12046513
                8347               10423                 196                 393               44408                  69                 214                 327            12046901
                8138               10183                 194                 396               44082                  69                 216                 325            12044896
                8649               10657                 194                 389               18500                  72                 218                 324            12048534
                8583               10854                 197                 391               37622                  69                 217                 328            12048400
                8759               10666                 197                 382               18452                  68                 217                 323            12050822
                9064               11051                 192                 396               18592                  71                 216                 328            12052503
                8348               10409                 196                 399               18591                  76                 216                 327            12046067
                8189               10105                 192                 386               18571                  74                 213                 325            12045903
                8630               10600                 196                 389               12477                  73                 218                 322            12047521
                8271               10206                 194                 385               23303                  71                 215                 324            12044892
                8873                8912                 197                 380               22111                  71                 216                 325            12051687
                9569               11735                 195                 392               18478                  70                 219                 322            12051381
                8972                9009                 199                 396              112871                  63                 218                 318            12050246
                8708                8720                 195                 380               27415                  68                 215                 323            12047451
                8433               10602                 196                 404               18478                  72                 216                 325            12049485
                8525               10551                 196                 385               55578                  70                 217                 322            12045117
                8886               11000                 191                 393               18523                  74                 215                 326            12050514
                8746               10818                 192                 406               18667                  75                 212                 329            12051180
                8348               10399                 195                 387               58329                  68                 215                 324            12045629
                8327               10308                 195                 391               22295                  73                 213                 326            12044545
                8206               10307                 190                 394               58847                  74                 215                 319            12046248
                8614                8641                 193                 384               18642                  69                 216                 321            12046904
                8638               10799                 194                 394               18462                  72                 218                 324            12047219
                8703               10983                 193                 397               18653                  73                 214                 322            12048906
                8049               10212                 195                 390               58128                  70                 216                 321            12046227
                8791                8826                 197                 396               41204                  70                 218                 322            12047817
                8583               10694                 190                 376               22117                  73                 212                 327            12048435
                8478               10628                 196                 398               18650                  71                 213                 325            12050521
                8344               10574                 193                 390               25103                  65                 214                 327            12048691
                8753               10895                 193                 394               18537                  72                 216                 326            12046168
                8280               10307                 197                 385               22355                  73                 215                 325            12044278
                8757               10799                 193                 382               12437                  72                 216                 324            12048926
                8930               11038                 197                 393               18417                  69                 218                 322            12051063
                9049               11159                 196                 395               25967                  72                 218                 323            12051755
                9326               11295                 198                 395               58683                  67                 217                 321            12051259
                8341               10439                 193                 390               58453                  68                 212                 322            12046384
                8479               10500                 196                 400               18601                  69                 219                 325            12046607
                9041               11088                 194                 389               18547                  72                 215                 326            12050660
                8488               10565                 190                 393              170844                  74                 210                 316            12048511
                8313               10364                 193                 387               12400                  70                 215                 324            12044300
                8941                8958                 194                 400               22188                  73                 212                 324            12050372
                8717               10862                 194                 394               12480                  67                 217                 326            12045738
                8416                8444                 192                 385               18491                  71                 212                 327            12048154
                8426               10448                 195                 383               12521                  74                 211                 326            12048137
--------------------------------
              irqlat          irqlat-end    tlb_il1_miss_el1    tlb_il1_miss_el2    tlb_dl1_miss_el1    tlb_dl1_miss_el2         mem_acc_el1         mem_acc_el2              cycles
                8221               10483                   0                   0                   0                   0             3752703                2559            12047002
                8577               10607                   0                   0                   0                   0             3731491                2558            12045523
                8626               10651                   0                   0                   0                   0             3738882                2558            12048200
                8480               10490                   0                   0                   0                   0             3733120                2558            12047205
                8590               10796                   0                   0                   0                   0             3727386                2558            12050846
                8498               10662                   0                   0                   0                   0             3727175                2558            12048021
                8218               10162                   0                   0                   0                   0             3764647                2558            12043092
                8323               10363                   0                   0                   0                   0             3723536                2625            12041586
                8294               10338                   0                   0                   0                   0             3731476                2502            12045301
                8460                8479                   0                   0                   0                   0             3734891                2502            12047513
                8237               10292                   0                   0                   0                   0             3740980                2502            12047850
                8255               10236                   0                   0                   0                   0             3758327                2502            12046083
                7974               10047                   0                   0                   0                   0             3732812                2502            12044855
                8130               10136                   0                   0                   0                   0             3749902                2502            12047641
                8562               10676                   0                   0                   0                   0             3748296                2502            12045838
                8035               10203                   0                   0                   0                   0             3735843                2502            12047653
                8379               10493                   0                   0                   0                   0             3728940                2502            12048285
                8631               10701                   0                   0                   0                   0             3721898                2502            12050515
                8892               10856                   0                   0                   0                   0             3726433                2502            12050279
                8848               10801                   0                   0                   0                   0             3722237                2502            12045921
                9046                9058                   0                   0                   0                   0             3726291                2502            12047173
                8958               11018                   0                   0                   0                   0             3719284                2502            12052163
                8182               10510                   0                   0                   0                   0             3757556                2502            12049562
                8889               11117                   0                   0                   0                   0             3729985                2502            12045650
                8835               11113                   0                   0                   0                   0             3755547                2502            12050536
                8549                8584                   0                   0                   0                   0             3729650                2502            12046834
                8350               10320                   0                   0                   0                   0             3720860                2502            12047311
                9480               11826                   0                   0                   0                   0             3736743                2502            12057082
                9141                9157                   0                   0                   0                   0             3721012                2502            12051555
                8438               10461                   0                   0                   0                   0             3736141                2502            12046851
                9392               11611                   0                   0                   0                   0             3720999                2502            12054739
                8719               10769                   0                   0                   0                   0             3740973                2502            12048420
                8020                9929                   0                   0                   0                   0             3736976                2502            12044668
                8544               10684                   0                   0                   0                   0             3728689                2502            12047796
                8377               10485                   0                   0                   0                   0             3754147                2502            12048522
                8249               10371                   0                   0                   0                   0             3728819                2502            12046114
                9048               11039                   0                   0                   0                   0             3740939                2502            12048315
                8956               11235                   0                   0                   0                   0             3723549                2502            12048392
                8443                8456                   0                   0                   0                   0             3775174                2502            12049480
                8884                8896                   0                   0                   0                   0             3742598                2502            12047805
                8416               10510                   0                   0                   0                   0             3728490                2502            12046252
                8521               10461                   0                   0                   0                   0             3715538                2502            12049477
                8252               10359                   0                   0                   0                   0             3749501                2502            12046810
                7982                9893                   0                   0                   0                   0             3733985                2502            12044405
                8291               10275                   0                   0                   0                   0             3723565                2502            12045484
                8176               10236                   0                   0                   0                   0             3733135                2502            12045312
                8291               10268                   0                   0                   0                   0             3734113                2502            12046681
                8556               10764                   0                   0                   0                   0             3727794                2502            12049865
                8328                8347                   0                   0                   0                   0             3750619                2502            12049524
                8273               10297                   0                   0                   0                   0             3758191                2502            12045455
--------------------------------
              irqlat          irqlat-end         bus_acc_el1         bus_acc_el2      exceptions_el1      exceptions_el2            irqs_el1            irqs_el2              cycles
                8673               10866               14430                1434                   1                   8                   3                   0            12047834
                8426               10529                3223                1377                   1                   8                   3                   0            12048625
                8643               10741                3622                1446                   1                   8                   3                   0            12046659
                8749               10915               18711                1520                   1                   8                   3                   0            12049424
                8452               10620               20704                1618                   1                   8                   3                   0            12046031
                8493               10610               25734                1573                   1                   8                   3                   0            12046896
                8156               10343               28993                1556                   1                   8                   3                   0            12044115
                8287               10302               27314                1410                   1                   8                   3                   0            12046060
                8591               10693               11310                1572                   1                   8                   3                   0            12048283
                9520                9540               32350                2304                   1                   8                   3                   0            12051470
                9024               11068               39393                1754                   1                   8                   3                   0            12048313
                9091                9110               39264                1659                   1                   8                   3                   0            12046817
                8814               10979               41183                1902                   1                   8                   3                   0            12049247
                8486                8499               25203                1500                   1                   8                   3                   0            12046733
                8835               11081               27331                1721                   1                   8                   3                   0            12052072
                8202               10304               24456                1433                   1                   8                   3                   0            12045712
                8690               10730               14330                1468                   1                   8                   3                   0            12047748
                8585               10516               10817                1473                   1                   8                   3                   0            12044883
                8274               10328                4275                1387                   1                   8                   3                   0            12045947
                8371               10420                3174                1400                   1                   8                   3                   0            12046534
                8918                8967                4855                1531                   1                   8                   3                   0            12049015
                8213               10368               13588                1554                   1                   8                   3                   0            12046316
                8328               10382                3557                1415                   1                   8                   3                   0            12044799
                8340               10408                2011                1458                   1                   8                   3                   0            12047198
                8591               10524                6448                1644                   1                   8                   3                   0            12045874
                8353               10414               18815                1632                   1                   8                   3                   0            12046438
                8718               10794               25056                1847                   1                   8                   3                   0            12048883
                8969               10934               38838                1973                   1                   8                   3                   0            12047600
                8787               11021               13464                1514                   1                   8                   3                   0            12052100
                8562               10584                3465                1374                   1                   8                   3                   0            12048545
                8265               10304                2086                1370                   1                   8                   3                   0            12047449
                8432               10659                3822                1435                   1                   8                   3                   0            12046928
                8469               10495               17466                1602                   1                   8                   3                   0            12048545
                8378               10362               18182                1376                   1                   8                   3                   0            12044393
                8200               10313                9002                1452                   1                   8                   3                   0            12045977
                8588               10674               18853                1722                   1                   8                   3                   0            12045182
                8206               10499               24755                1582                   1                   8                   3                   0            12049370
                9141                9173               28822                2334                   1                   8                   3                   0            12049398
                8350               10436               28201                1445                   1                   8                   3                   0            12045684
                9692                9726               43992                2844                   1                   8                   3                   0            12055379
                9068               11178               14709                1828                   1                   8                   3                   0            12050229
                8235               10379               21491                1604                   1                   8                   3                   0            12045169
                8863               10786               24166                1662                   1                   8                   3                   0            12052031
                8526                8561               13996                1459                   1                   8                   3                   0            12049733
                8484               10495                5009                1374                   1                   8                   3                   0            12047776
                8233               10263                3405                1481                   1                   8                   3                   0            12046492
                8421               10269                2623                1351                   1                   8                   3                   0            12045417
                8339               10190                2818                1398                   1                   8                   3                   0            12045659
                8474               10493                3243                1386                   1                   8                   3                   0            12050542
                7994                8034                2895                1347                   1                   8                   3                   0            12045024
--------------------------------
              irqlat          irqlat-end        inst_ret_el1        inst_ret_el2              cycles
                8343               10587            18765601                7955            12046033
                8374               10430            18882222                7954            12044191
                8433               10475            18626097                7954            12046100
                8910               11068            18788233                7954            12051458
                9053               11154            18766139                7955            12049345
                8355               10403            18679947                7954            12047499
                9111                9146            18594990                7955            12050865
                9453               11554            18589380                7954            12052083
                8924               11070            18790375                7761            12048509
                8481               10499            18795143                7682            12046745
                8496               10529            18679910                7681            12048491
                8578                8606            18622313                7682            12049275
                8557                8591            18620618                7682            12047843
                8846               10934            18546269                7681            12048108
                9336                9363            18627481                7681            12048662
                9122               11256            18697476                7681            12049908
                8751               10781            18703748                7681            12047259
                9091                9114            18701149                7681            12051765
                8734               10788            18725147                7681            12050656
                8665               10899            18775718                7680            12048299
                8838               11073            18761606                7680            12053224
                8490               10577            18673507                7682            12046127
                8377                8409            18682921                7682            12047892
                8864               11059            18706774                7682            12050965
                9102               11185            18704366                7683            12050964
                8115               10057            18587719                7680            12044454
                8311               10332            18570912                7679            12046550
                8710               10784            18600010                7679            12049249
                8523               10499            18592634                7681            12045085
                8393               10371            18711412                7682            12046982
                7904                9916            18606021                7681            12044984
                8799               10777            18728967                7681            12044739
                8609               10853            18779578                7683            12050325
                8494               10553            18606725                7681            12047826
                8697                8714            18615491                7681            12052708
                8618                8669            18681626                7679            12050452
                8100               10142            18647241                7681            12044263
                8109               10223            18306094                7680            12045463
                8442               10364            18718716                7680            12048237
                8405               10324            18641567                7679            12047633
                8544                8557            18673883                7677            12048392
                8827               10722            18636233                7678            12044702
                8379               10633            18781792                7677            12048909
                8599               10512            18779754                7678            12046002
                8333                8350            18621584                7678            12046549
                9094               11089            18639438                7679            12047806
                9567               11728            18586164                7680            12052100
                9294                9312            18591701                3836            12052759
                9740               11860            18576752                7677            12050486
                8174               10333            18673650                7679            12046279
Press 's' to start...
