--------------------------------
              irqlat          irqlat-end       l1$i_miss_el1       l1$i_miss_el2       l1$d_miss_el1       l1$d_miss_el2       l2$d_miss_el1       l2$d_miss_el2              cycles
                 338                 351                  12                 135               12447                  36                 515                   1            12000060
                 334                 346                  13                 134               18232                  35                   0                   0            12000520
                 338                 350                  13                 134               18248                  35                   0                   0            12000514
                 330                 343                  13                 134               58279                  36                   0                   0            12000506
                 337                 349                  13                 135               18234                  36                   0                   0            12000508
                 335                 347                  13                 134               18307                  35                   0                   0            12000520
                 333                 344                  13                 134               58016                  35                   0                   0            12000484
                 335                 347                  14                 135               19873                  39                   0                   0            12000510
                 340                 351                  13                 132               57782                  40                   0                   0            12000501
                 334                 346                  13                 131               12223                  35                   0                   0            12000517
                 334                 346                  13                 134               12226                  35                   0                   0            12000518
                 330                 342                  13                 132               57893                  33                   0                   0            12000505
                 335                 347                  13                 134               43422                  35                   0                   0            12000506
                 335                 346                  13                 133               57995                  34                   0                   0            12000509
                 335                 348                  14                 133               12240                  36                   0                   0            12000521
                 335                 347                  13                 133               18281                  35                   0                   0            12000520
                 335                 348                  14                 131               12228                  35                   0                   0            12000522
                 333                 345                  13                 131               12243                  35                   0                   0            12000503
                 334                 346                  13                 130               21801                  35                   0                   0            12000517
                 334                 346                  13                 133               18257                  35                   0                   0            12000517
                 334                 347                  13                 133               12267                  35                   0                   0            12000520
                 333                 344                  13                 133               21930                  35                   0                   0            12000512
                 332                 344                  13                 132               19899                  35                   0                   0            12000524
                 334                 348                  14                 131               18294                  35                   0                   0            12000526
                 334                 345                  13                 131               21885                  35                   0                   0            12000495
                 335                 347                  13                 134               18254                  39                   0                   0            12000522
                 334                 347                  13                 130               57510                  34                   0                   0            12000511
                 335                 346                  13                 133               18257                  35                   0                   0            12000506
                 333                 344                  13                 132               22490                  35                   0                   0            12000497
                 332                 344                  13                 132               12278                  35                   0                   0            12000507
                 335                 346                  13                 132               60915                  34                   0                   0            12000508
                 335                 347                  13                 133               18243                  35                   0                   0            12000506
                 332                 344                  13                 129               57764                  39                   0                   0            12000514
                 334                 347                  14                 134               12218                  39                   0                   0            12000507
                 335                 348                  13                 133               18261                  36                   0                   0            12000516
                 334                 347                  14                 133               57640                  35                   0                   0            12000520
                 335                 346                  13                 133               18273                  35                   0                   0            12000512
                 334                 346                  13                 134               18227                  39                   0                   0            12000515
                 335                 347                  13                 132               36464                  35                   0                   0            12000514
                 335                 348                  13                 132               18236                  35                   0                   0            12000532
                 335                 347                  13                 133               18237                  35                   0                   0            12000523
                 333                 347                  14                 133               12267                  35                   0                   0            12000529
                 330                 342                  13                 134              114198                  36                   0                   0            12000485
                 331                 343                  13                 133               59047                  32                   0                   0            12000517
                 335                 349                  14                 134               13386                  35                   0                   0            12000526
                 335                 346                  13                 135               19869                  39                   0                   0            12000506
                 335                 348                  14                 131               12273                  35                   0                   0            12000537
                 334                 348                  14                 134               36475                  35                   0                   0            12000529
                 334                 346                  13                 134               58759                  33                   0                   0            12000519
                 334                 346                  13                 132               59163                  34                   0                   0            12000520
--------------------------------
              irqlat          irqlat-end    tlb_il1_miss_el1    tlb_il1_miss_el2    tlb_dl1_miss_el1    tlb_dl1_miss_el2         mem_acc_el1         mem_acc_el2              cycles
                 337                 348                   0                   0                   0                   0             3713892                 505            12000142
                 337                 348                   0                   0                   0                   0             3724143                 505            12000504
                 333                 345                   0                   0                   0                   0             3714926                 503            12000511
                 332                 343                   0                   0                   0                   0             3708589                 503            12000510
                 336                 348                   0                   0                   0                   0             3697034                 503            12000514
                 332                 344                   0                   0                   0                   0             3667820                 503            12000511
                 335                 347                   0                   0                   0                   0             3697051                 503            12000514
                 336                 347                   0                   0                   0                   0             3704947                 503            12000511
                 334                 346                   0                   0                   0                   0             3711370                 503            12000517
                 335                 347                   0                   0                   0                   0             3713298                 503            12000518
                 336                 348                   0                   0                   0                   0             3729744                 503            12000510
                 333                 344                   0                   0                   0                   0             3881583                 503            12000487
                 333                 345                   0                   0                   0                   0             3735457                 503            12000517
                 336                 348                   0                   0                   0                   0             3813658                 503            12000509
                 336                 348                   0                   0                   0                   0             3713343                 503            12000521
                 334                 346                   0                   0                   0                   0             3687511                 503            12000499
                 337                 349                   0                   0                   0                   0             3704989                 503            12000513
                 337                 350                   0                   0                   0                   0             3703404                 503            12000519
                 337                 349                   0                   0                   0                   0             3709643                 503            12000521
                 334                 346                   0                   0                   0                   0             3711363                 503            12000513
                 337                 349                   0                   0                   0                   0             3711072                 503            12000519
                 337                 348                   0                   0                   0                   0             3722423                 503            12000512
                 335                 347                   0                   0                   0                   0             3704987                 503            12000502
                 335                 347                   0                   0                   0                   0             3710396                 503            12000510
                 337                 349                   0                   0                   0                   0             3709650                 503            12000521
                 337                 348                   0                   0                   0                   0             3711086                 503            12000513
                 336                 349                   0                   0                   0                   0             3703369                 503            12000513
                 334                 346                   0                   0                   0                   0             3711101                 503            12000521
                 337                 350                   0                   0                   0                   0             3716189                 503            12000506
                 334                 346                   0                   0                   0                   0             3710340                 503            12000522
                 335                 348                   0                   0                   0                   0             3716241                 503            12000513
                 335                 348                   0                   0                   0                   0             3711432                 503            12000515
                 336                 349                   0                   0                   0                   0             3714048                 503            12000525
                 335                 347                   0                   0                   0                   0             3688745                 503            12000501
                 336                 348                   0                   0                   0                   0             3714077                 503            12000524
                 335                 346                   0                   0                   0                   0             3716222                 503            12000507
                 332                 343                   0                   0                   0                   0             3716234                 503            12000505
                 333                 345                   0                   0                   0                   0             3708684                 503            12000516
                 335                 347                   0                   0                   0                   0             3711390                 503            12000525
                 333                 345                   0                   0                   0                   0             3708665                 503            12000521
                 334                 346                   0                   0                   0                   0             3693749                 503            12000522
                 335                 346                   0                   0                   0                   0             3704965                 503            12000505
                 335                 347                   0                   0                   0                   0             3711967                 503            12000520
                 332                 345                   0                   0                   0                   0             3711976                 503            12000521
                 335                 347                   0                   0                   0                   0             3743752                 503            12000519
                 334                 348                   0                   0                   0                   0             3711985                 503            12000526
                 335                 346                   0                   0                   0                   0             3711933                 503            12000498
                 334                 345                   0                   0                   0                   0             3708670                 503            12000499
                 334                 346                   0                   0                   0                   0             3706880                 503            12000510
                 336                 348                   0                   0                   0                   0             3716437                 503            12000511
--------------------------------
              irqlat          irqlat-end         bus_acc_el1         bus_acc_el2      exceptions_el1      exceptions_el2            irqs_el1            irqs_el2              cycles
                 334                 347                  10                   9                   1                   1                   2                   0            12000300
                 334                 345                   5                  10                   1                   1                   2                   0            12000508
                 334                 345                   4                  10                   1                   1                   2                   0            12000501
                 335                 347                   4                  10                   1                   1                   2                   0            12000521
                 336                 349                   4                  10                   1                   1                   2                   0            12000527
                 334                 346                   4                  10                   1                   1                   2                   0            12000520
                 332                 343                   4                  10                   1                   1                   2                   0            12000501
                 336                 347                   4                  10                   1                   1                   2                   0            12000497
                 335                 347                   4                  10                   1                   1                   2                   0            12000505
                 334                 347                   4                  10                   1                   1                   2                   0            12000523
                 335                 347                   4                  10                   1                   1                   2                   0            12000513
                 334                 347                   4                  10                   1                   1                   2                   0            12000521
                 336                 348                   4                  10                   1                   1                   2                   0            12000518
                 334                 346                   4                  10                   1                   1                   2                   0            12000521
                 333                 345                   4                  10                   1                   1                   2                   0            12000514
                 336                 349                   8                  10                   1                   1                   2                   0            12000517
                 336                 348                   4                  10                   1                   1                   2                   0            12000509
                 334                 345                   4                  10                   1                   1                   2                   0            12000500
                 337                 349                   4                  10                   1                   1                   2                   0            12000507
                 335                 346                   4                  10                   1                   1                   2                   0            12000510
                 336                 347                   4                  10                   1                   1                   2                   0            12000500
                 334                 346                   4                  10                   1                   1                   2                   0            12000517
                 337                 350                   4                  10                   1                   1                   2                   0            12000522
                 336                 347                   4                  10                   1                   1                   2                   0            12000504
                 334                 346                   4                  10                   1                   1                   2                   0            12000521
                 334                 347                   4                  10                   1                   1                   2                   0            12000520
                 337                 349                   4                  10                   1                   1                   2                   0            12000515
                 336                 348                   4                  10                   1                   1                   2                   0            12000498
                 336                 348                   4                  10                   1                   1                   2                   0            12000524
                 337                 349                   4                  10                   1                   1                   2                   0            12000521
                 337                 349                   4                  10                   1                   1                   2                   0            12000520
                 336                 349                   4                  10                   1                   1                   2                   0            12000512
                 336                 348                   4                  10                   1                   1                   2                   0            12000527
                 334                 345                   4                  10                   1                   1                   2                   0            12000496
                 335                 346                   4                  10                   1                   1                   2                   0            12000506
                 336                 348                   4                  10                   1                   1                   2                   0            12000512
                 335                 348                   4                  10                   1                   1                   2                   0            12000519
                 336                 349                   4                  10                   1                   1                   2                   0            12000522
                 335                 346                   4                  10                   1                   1                   2                   0            12000513
                 340                 352                   4                  10                   1                   1                   2                   0            12000514
                 332                 344                   4                  10                   1                   1                   2                   0            12000505
                 333                 346                   4                  10                   1                   1                   2                   0            12000513
                 335                 347                   4                  10                   1                   1                   2                   0            12000521
                 335                 348                   4                  10                   1                   1                   2                   0            12000508
                 333                 346                   4                  10                   1                   1                   2                   0            12000526
                 337                 350                   4                  10                   1                   1                   2                   0            12000525
                 336                 349                   8                  10                   1                   1                   2                   0            12000524
                 335                 347                   8                  10                   1                   1                   2                   0            12000523
                 334                 346                   4                  10                   1                   1                   2                   0            12000517
                 336                 348                   4                  10                   1                   1                   2                   0            12000517
--------------------------------
              irqlat          irqlat-end        inst_ret_el1        inst_ret_el2              cycles
                 334                 345            18440379                1418            12000331
                 332                 345            18549955                1418            12000514
                 332                 343            18560314                1418            12000512
                 333                 345            18643301                1418            12000505
                 333                 346            18559701                1418            12000534
                 335                 348            18549680                1418            12000529
                 332                 345            18552271                1418            12000521
                 335                 348            18566611                1418            12000518
                 335                 346            18565598                1418            12000514
                 335                 346            18524308                1418            12000514
                 337                 348            18572269                1418            12000511
                 336                 347            18642887                1418            12000504
                 332                 344            18562035                1418            12000493
                 332                 344            18583979                1418            12000512
                 337                 348            18528321                1418            12000506
                 335                 346            18517382                1418            12000506
                 333                 344            18524397                1418            12000512
                 337                 348            18517599                1418            12000515
                 334                 345            18575136                1418            12000506
                 336                 349            18518205                1418            12000517
                 336                 347            18534777                1418            12000512
                 336                 348            18565420                1418            12000516
                 336                 347            18575111                1418            12000511
                 336                 347            18548575                1418            12000502
                 335                 346            18574662                1418            12000507
                 336                 349            18565677                1418            12000512
                 334                 346            18600373                1418            12000513
                 334                 345            18524381                1418            12000496
                 335                 347            18548508                1418            12000518
                 334                 345            18533481                1418            12000507
                 335                 347            18565878                1418            12000509
                 333                 344            18575308                1418            12000505
                 332                 344            18572331                1418            12000502
                 333                 344            18554175                1418            12000503
                 333                 345            18537857                1418            12000498
                 333                 345            18643237                1418            12000519
                 332                 344            18427840                1418            12000483
                 336                 348            18575204                1418            12000519
                 334                 346            18517247                1418            12000510
                 331                 342            18489055                1418            12000478
                 334                 346            18605344                1418            12000522
                 332                 343            19125809                1418            12000497
                 334                 345            18544642                1418            12000503
                 333                 346            18544176                1418            12000516
                 334                 346            18530316                1418            12000519
                 335                 347            18643044                1418            12000523
                 336                 349            18566487                1418            12000504
                 335                 347            18560482                1418            12000524
                 336                 347            18575023                1418            12000504
                 335                 347            18573361                1418            12000507
Press 's' to start...
