--------------------------------
              irqlat          irqlat-end       l1$i_miss_el1       l1$i_miss_el2       l1$d_miss_el1       l1$d_miss_el2       l2$d_miss_el1       l2$d_miss_el2              cycles
                 333                 345                  11                 133               18602                  37                 512                   0            12000064
                 331                 342                  13                 127               12255                  37                   0                   0            12000501
                 335                 346                  13                 132               36480                  37                   0                   0            12000508
                 332                 344                  13                 131               18274                  37                   0                   0            12000507
                 342                 354                  13                 131               12243                  37                   0                   1            12000500
                 332                 345                  13                 129               12211                  37                   0                   0            12000519
                 331                 342                  14                 130               18207                  37                   0                   0            12000514
                 333                 344                  13                 130              114305                  36                   0                   0            12000506
                 329                 340                  13                 131               58760                  32                   0                   0            12000503
                 335                 349                  14                 131               18258                  39                   0                   0            12000522
                 334                 347                  13                 132               18246                  37                   0                   0            12000518
                 335                 347                  13                 131               36510                  37                   0                   0            12000515
                 335                 347                  13                 133               12244                  37                   0                   0            12000529
                 332                 344                  13                 131               18181                  37                   0                   0            12000502
                 334                 347                  13                 132               19860                  37                   0                   0            12000527
                 333                 345                  13                 131               12273                  37                   0                   0            12000521
                 333                 345                  13                 134               18281                  37                   0                   0            12000521
                 331                 342                  13                 130               18287                  37                   0                   0            12000492
                 331                 343                  13                 132               57852                  36                   0                   0            12000518
                 332                 345                  13                 132               12236                  37                   0                   0            12000512
                 334                 346                  13                 131               12273                  37                   0                   0            12000525
                 335                 347                  13                 131               18241                  37                   0                   0            12000517
                 335                 347                  13                 131               12228                  37                   0                   0            12000513
                 332                 344                  13                 130               12241                  37                   0                   0            12000506
                 334                 347                  13                 130               12200                  37                   0                   0            12000523
                 335                 348                  13                 131               18225                  37                   0                   0            12000525
                 330                 343                  13                 131               59434                  37                   0                   0            12000491
                 333                 345                  13                 131               18242                  37                   0                   0            12000514
                 332                 344                  13                 130               60402                  36                   0                   0            12000503
                 334                 346                  13                 132               43511                  36                   0                   0            12000517
                 334                 346                  13                 132               12250                  37                   0                   0            12000503
                 332                 344                  13                 131               13299                  39                   0                   0            12000505
                 329                 342                  13                 131               57511                  34                   0                   0            12000517
                 334                 345                  13                 131               18224                  37                   0                   0            12000511
                 331                 344                  14                 131               12238                  37                   0                   0            12000526
                 331                 343                  13                 130               12237                  37                   0                   0            12000522
                 332                 346                  14                 131               13354                  37                   0                   0            12000515
                 330                 343                  13                 132               57477                  37                   0                   0            12000522
                 332                 344                  13                 133               43126                  35                   0                   0            12000520
                 329                 340                  13                 131               43496                  34                   0                   0            12000506
                 331                 343                  13                 131               44621                  36                   0                   0            12000511
                 331                 343                  13                 131               58262                  36                   0                   0            12000501
                 329                 341                  13                 132               58175                  35                   0                   0            12000508
                 332                 343                  13                 131               18224                  37                   0                   0            12000510
                 332                 343                  13                 130               18246                  37                   0                   0            12000499
                 327                 339                  13                 130               57797                  32                   0                   0            12000512
                 333                 346                  14                 131               21879                  37                   0                   0            12000520
                 332                 343                  13                 131               13333                  37                   0                   0            12000509
                 332                 343                  13                 129               21925                  36                   0                   0            12000498
                 331                 342                  13                 130               21883                  37                   0                   0            12000504
--------------------------------
              irqlat          irqlat-end    tlb_il1_miss_el1    tlb_il1_miss_el2    tlb_dl1_miss_el1    tlb_dl1_miss_el2         mem_acc_el1         mem_acc_el2              cycles
                 344                 357                   0                   0                   0                   0             3714689                 504            12000171
                 334                 345                   0                   0                   0                   0             3709700                 503            12000508
                 333                 344                   0                   0                   0                   0             3788474                 503            12000489
                 335                 346                   0                   0                   0                   0             3713966                 503            12000504
                 334                 347                   0                   0                   0                   0             3713932                 503            12000526
                 334                 346                   0                   0                   0                   0             3706879                 503            12000508
                 334                 346                   0                   0                   0                   0             3744889                 503            12000515
                 334                 346                   0                   0                   0                   0             3709085                 503            12000521
                 332                 345                   0                   0                   0                   0             3682649                 503            12000505
                 332                 344                   0                   0                   0                   0             3672390                 503            12000528
                 335                 346                   0                   0                   0                   0             3716448                 503            12000498
                 337                 350                   0                   0                   0                   0             3713332                 503            12000531
                 334                 346                   0                   0                   0                   0             3711083                 503            12000519
                 334                 345                   0                   0                   0                   0             3707238                 503            12000494
                 334                 345                   0                   0                   0                   0             3728470                 503            12000508
                 334                 345                   0                   0                   0                   0             3716300                 503            12000521
                 335                 347                   0                   0                   0                   0             3709106                 502            12000505
                 328                 340                   0                   0                   0                   0             3712370                 503            12000514
                 331                 342                   0                   0                   0                   0             3712239                 503            12000491
                 332                 344                   0                   0                   0                   0             3706885                 503            12000523
                 333                 346                   0                   0                   0                   0             3714087                 503            12000517
                 334                 347                   0                   0                   0                   0             3706921                 503            12000518
                 333                 345                   0                   0                   0                   0             3713275                 503            12000528
                 331                 343                   0                   0                   0                   0             3711112                 503            12000499
                 329                 342                   0                   0                   0                   0             3733122                 503            12000512
                 329                 341                   0                   0                   0                   0             3639762                 503            12000486
                 333                 345                   0                   0                   0                   0             3706553                 503            12000516
                 333                 344                   0                   0                   0                   0             3708654                 503            12000482
                 332                 343                   0                   0                   0                   0             3716462                 503            12000488
                 332                 343                   0                   0                   0                   0             3704611                 503            12000508
                 332                 345                   0                   0                   0                   0             3707061                 503            12000513
                 334                 345                   0                   0                   0                   0             3710467                 503            12000491
                 333                 346                   0                   0                   0                   0             3709678                 503            12000515
                 335                 347                   0                   0                   0                   0             3729739                 503            12000524
                 331                 343                   0                   0                   0                   0             3727261                 503            12000511
                 334                 346                   0                   0                   0                   0             3708659                 503            12000522
                 335                 347                   0                   0                   0                   0             3713941                 503            12000517
                 334                 347                   0                   0                   0                   0             3704980                 503            12000523
                 330                 343                   0                   0                   0                   0             3740651                 503            12000501
                 330                 343                   0                   0                   0                   0             3691449                 503            12000521
                 333                 344                   0                   0                   0                   0             3886052                 503            12000512
                 333                 345                   0                   0                   0                   0             3714862                 503            12000503
                 335                 347                   0                   0                   0                   0             3713341                 503            12000518
                 331                 343                   0                   0                   0                   0             3698800                 503            12000502
                 336                 347                   0                   0                   0                   0             3716496                 503            12000502
                 335                 346                   0                   0                   0                   0             3805261                 503            12000506
                 332                 344                   0                   0                   0                   0             3713349                 503            12000515
                 335                 348                   0                   0                   0                   0             3708623                 503            12000525
                 331                 344                   0                   0                   0                   0             3729726                 503            12000503
                 335                 346                   0                   0                   0                   0             3729696                 503            12000512
--------------------------------
              irqlat          irqlat-end         bus_acc_el1         bus_acc_el2      exceptions_el1      exceptions_el2            irqs_el1            irqs_el2              cycles
                 335                 347                   2                   9                   1                   1                   2                   0            12000287
                 332                 344                   4                  10                   1                   1                   2                   0            12000510
                 333                 346                   4                  10                   1                   1                   2                   0            12000515
                 333                 345                   4                  10                   1                   1                   2                   0            12000499
                 335                 346                   4                  10                   1                   1                   2                   0            12000505
                 334                 346                   4                  10                   1                   1                   2                   0            12000509
                 332                 343                   4                  10                   1                   1                   2                   0            12000512
                 337                 349                   4                  10                   1                   1                   2                   0            12000522
                 331                 343                   4                  10                   1                   1                   2                   0            12000497
                 334                 346                   4                  10                   1                   1                   2                   0            12000508
                 333                 344                   4                  10                   1                   1                   2                   0            12000508
                 326                 338                   4                  10                   1                   1                   2                   0            12000507
                 335                 346                   4                  10                   1                   1                   2                   0            12000511
                 334                 345                   4                  10                   1                   1                   2                   0            12000507
                 334                 347                   4                  10                   1                   1                   2                   0            12000522
                 332                 344                   4                  10                   1                   1                   2                   0            12000515
                 333                 344                   4                  10                   1                   1                   2                   0            12000488
                 334                 346                   4                  10                   1                   1                   2                   0            12000507
                 334                 345                   4                  10                   1                   1                   2                   0            12000500
                 334                 346                   4                  10                   1                   1                   2                   0            12000527
                 331                 343                   4                  10                   1                   1                   2                   0            12000488
                 331                 344                   4                  10                   1                   1                   2                   0            12000515
                 331                 343                   4                  10                   1                   1                   2                   0            12000512
                 333                 346                   4                  10                   1                   1                   2                   0            12000524
                 330                 343                   4                  10                   1                   1                   2                   0            12000504
                 332                 343                   4                  10                   1                   1                   2                   0            12000504
                 335                 348                   4                  10                   1                   1                   2                   0            12000526
                 333                 344                   4                  10                   1                   1                   2                   0            12000504
                 335                 347                   4                  10                   1                   1                   2                   0            12000504
                 333                 345                   4                  10                   1                   1                   2                   0            12000502
                 335                 346                   4                  10                   1                   1                   2                   0            12000510
                 328                 339                   4                  10                   1                   1                   2                   0            12000499
                 335                 347                   4                  10                   1                   1                   2                   0            12000530
                 331                 343                   4                  10                   1                   1                   2                   0            12000530
                 333                 344                   4                  10                   1                   1                   2                   0            12000509
                 335                 346                   4                  10                   1                   1                   2                   0            12000502
                 333                 345                   4                  10                   1                   1                   2                   0            12000507
                 332                 343                   4                  10                   1                   1                   2                   0            12000493
                 333                 344                   4                  10                   1                   1                   2                   0            12000508
                 333                 344                   4                  10                   1                   1                   2                   0            12000510
                 332                 344                   4                  10                   1                   1                   2                   0            12000489
                 333                 345                   4                  10                   1                   1                   2                   0            12000520
                 334                 347                   4                  10                   1                   1                   2                   0            12000517
                 335                 347                   4                  10                   1                   1                   2                   0            12000509
                 329                 342                   4                  10                   1                   1                   2                   0            12000501
                 336                 348                   4                  10                   1                   1                   2                   0            12000520
                 330                 342                   4                  10                   1                   1                   2                   0            12000508
                 333                 344                   4                  10                   1                   1                   2                   0            12000506
                 333                 345                   4                  10                   1                   1                   2                   0            12000507
                 333                 345                   4                  10                   1                   1                   2                   0            12000504
--------------------------------
              irqlat          irqlat-end        inst_ret_el1        inst_ret_el2              cycles
                 333                 345            18517153                1418            12000347
                 333                 346            18552266                1418            12000526
                 332                 343            18634129                1418            12000508
                 334                 347            18565496                1418            12000515
                 332                 344            18509638                1418            12000516
                 332                 343            18548611                1418            12000493
                 332                 344            18530264                1418            12000523
                 332                 344            18822297                1418            12000506
                 333                 345            18562041                1418            12000522
                 334                 346            18562025                1418            12000527
                 332                 344            18543670                1418            12000513
                 332                 344            19058083                1418            12000505
                 332                 344            18565562                1418            12000484
                 332                 345            18566754                1418            12000523
                 332                 343            18793276                1418            12000513
                 333                 344            18529892                1418            12000505
                 336                 348            18552458                1418            12000527
                 334                 346            18560392                1418            12000515
                 333                 345            18534560                1418            12000500
                 333                 344            18584103                1418            12000511
                 332                 343            18549834                1418            12000493
                 333                 345            18552628                1418            12000499
                 335                 346            18544572                1418            12000506
                 333                 345            18544751                1418            12000514
                 332                 346            18560413                1418            12000504
                 332                 344            18524501                1418            12000525
                 333                 345            18566763                1418            12000517
                 327                 340            18624952                1418            12000512
                 332                 344            18865529                1418            12000504
                 333                 344            18584423                1418            12000491
                 334                 347            18524646                1418            12000522
                 333                 346            18566673                1418            12000519
                 333                 344            18520856                1418            12000504
                 334                 345            18511936                1418            12000504
                 329                 341            18522799                1418            12000505
                 335                 346            18559722                1418            12000506
                 333                 346            18561786                1418            12000534
                 333                 345            18566888                1418            12000512
                 335                 347            18559409                1418            12000519
                 333                 345            18562121                1418            12000517
                 335                 346            18580529                1418            12000506
                 331                 342            18575389                1418            12000490
                 334                 347            18989088                1418            12000507
                 332                 345            18524381                1418            12000510
                 333                 345            18300788                1418            12000469
                 334                 346            18548482                1418            12000527
                 333                 346            18561661                1418            12000528
                 331                 343            18544486                1418            12000524
                 332                 344            18584189                1418            12000516
                 333                 345            18543885                1418            12000504
Press 's' to start...
