--------------------------------
              irqlat          irqlat-end       l1$i_miss_el1       l1$i_miss_el2       l1$d_miss_el1       l1$d_miss_el2       l2$d_miss_el1       l2$d_miss_el2              cycles
                2269                2280                  11                 132               12526                  37                 514                  90            11998425
                2206                2217                  13                 134               18495                  35                   0                  89            12000502
                2453                2465                  13                 129               18329                  36                   0                  87            12000540
                2055                2067                  13                 133               16404                  35                   0                  88            12000510
                2346                2357                  13                 131               36031                  35                   0                  88            12000511
                2100                2112                  13                 132               12290                  35                   0                  87            12000513
                2378                2390                  13                 130               12248                  35                   0                  86            12000518
                1997                2008                  13                 132               12232                  35                   0                  87            12000500
                2031                2042                  13                 130               18564                  35                   0                  87            12000513
                2193                2205                  13                 131               18321                  35                   0                  87            12000515
                2356                2369                  13                 132               12315                  35                   0                  88            12000765
                2161                2174                  13                 127               20587                  35                   0                  88            12000531
                2251                2262                  13                 129               12366                  35                   0                  86            12000620
                2022                2034                  13                 130               18374                  35                   0                  87            12000525
                2026                2037                  13                 131               22091                  35                   0                  87            12000519
                2007                2019                  13                 132               12284                  35                   0                  88            12000637
                2066                2077                  13                 131               15586                  35                   0                  87            12000512
                2318                2329                  13                 130               16085                  34                   0                  88            12000508
                2239                2250                  13                 131               23097                  35                   0                  87            12000508
                2074                2087                  13                 132               12335                  35                   0                  88            12000755
                2260                2273                  13                 130               23992                  35                   0                  87            12000522
                2229                2241                  13                 131               18377                  35                   0                  88            12000534
                2240                2251                  13                 134               12316                  37                   0                  87            12000511
                2177                2190                  13                 130               15820                  35                   0                  87            12000538
                2090                2108                  13                 131               18358                  35                   0                  87            12001087
                2307                2318                  13                 131               18312                  35                   0                  87            12000531
                2253                2265                  13                 130               14357                  35                   0                  87            12000863
                2152                2164                  13                 130               18484                  35                   0                  87            12000513
                2243                2254                  13                 132               18312                  35                   0                  88            12000531
                2259                2272                  13                 131               18258                  34                   0                  87            12000674
                2168                2179                  13                 130               22942                  35                   0                  86            12000499
                2348                2359                  13                 132               20154                  35                   0                  86            12000505
                2248                2259                  13                 129               18312                  35                   0                  86            12000509
                2222                2234                  13                 130               18394                  35                   0                  87            12000498
                2073                2084                  13                 131               12315                  35                   0                  87            12000511
                2007                2019                  13                 131               12247                  35                   0                  86            12000720
                2131                2144                  14                 128               12265                  35                   0                  87            12000526
                2120                2133                  13                 130               18367                  35                   0                  86            12000538
                2107                2134                  13                 129               18373                  35                   0                  85            12001192
                2057                2069                  13                 131               12581                  35                   0                  86            12000521
                2032                2043                  13                 129               36697                  35                   0                  86            12000507
                2131                2142                  13                 126               14383                  35                   0                  86            12000521
                1907                1918                  13                 131               22270                  35                   0                  86            12000514
                1968                1979                  13                 130               58813                  37                   0                  86            12000493
                1847                1860                  14                 130               12321                  35                   0                  87            12000640
                1900                1912                  13                 132               58673                  37                   0                  86            12000537
                2035                2046                  13                 132               44247                  35                   0                  88            12000520
                2124                2136                  13                 129               18476                  35                   0                  87            12000759
                1939                1950                  13                 131               18374                  35                   0                  87            12000512
                2134                2147                  14                 133               18369                  35                   0                  87            12000706
--------------------------------
              irqlat          irqlat-end    tlb_il1_miss_el1    tlb_il1_miss_el2    tlb_dl1_miss_el1    tlb_dl1_miss_el2         mem_acc_el1         mem_acc_el2              cycles
                2108                2119                   0                   0                   0                   0             3747705                 503            12000128
                1897                1909                   0                   0                   0                   0             3717771                 503            12000628
                2144                2156                   0                   0                   0                   0             3738605                 503            12000514
                2287                2298                   0                   0                   0                   0             3745454                 503            12000674
                2118                2130                   0                   0                   0                   0             3735183                 503            12000519
                1895                1908                   0                   0                   0                   0             3754117                 503            12000526
                2128                2140                   0                   0                   0                   0             3735560                 503            12000748
                1941                1952                   0                   0                   0                   0             3719234                 503            12000514
                1971                1982                   0                   0                   0                   0             3724993                 503            12000510
                1886                1897                   0                   0                   0                   0             3721042                 503            12000513
                1895                1906                   0                   0                   0                   0             3736635                 503            12000512
                2042                2053                   0                   0                   0                   0             3751803                 503            12000503
                2061                2072                   0                   0                   0                   0             3736762                 503            12000506
                2329                2341                   0                   0                   0                   0             3718963                 503            12000518
                2095                2106                   0                   0                   0                   0             3717057                 503            12000509
                2250                2262                   0                   0                   0                   0             3729989                 503            12001961
                2121                2134                   0                   0                   0                   0             3734343                 503            12000524
                2229                2240                   0                   0                   0                   0             3653212                 503            12000893
                2000                2011                   0                   0                   0                   0             3717363                 503            12000509
                2037                2049                   0                   0                   0                   0             3732830                 503            12000514
                1853                1866                   0                   0                   0                   0             3738756                 503            12000517
                2009                2021                   0                   0                   0                   0             3724447                 503            12000524
                1955                1966                   0                   0                   0                   0             3756764                 503            12000860
                1994                2006                   0                   0                   0                   0             3689622                 503            12000531
                1958                1969                   0                   0                   0                   0             3719273                 503            12000692
                1968                1981                   0                   0                   0                   0             3755282                 503            12000522
                2355                2366                   0                   0                   0                   0             3717045                 503            12000707
                2096                2108                   0                   0                   0                   0             3734433                 503            12000801
                2209                2223                   0                   0                   0                   0             3729071                 503            12001696
                2054                2075                   0                   0                   0                   0             3717886                 503            12001011
                2047                2058                   0                   0                   0                   0             3724091                 503            12000523
                1991                2002                   0                   0                   0                   0             3722602                 503            12000503
                2136                2147                   0                   0                   0                   0             3748730                 503            12000512
                1983                1996                   0                   0                   0                   0             3723111                 503            12000526
                2190                2203                   0                   0                   0                   0             3735002                 503            12000512
                1906                1918                   0                   0                   0                   0             3729710                 503            12000519
                2235                2247                   0                   0                   0                   0             3723135                 503            12000626
                2033                2045                   0                   0                   0                   0             3756474                 503            12000516
                2091                2103                   0                   0                   0                   0             3739191                 503            12001836
                2008                2019                   0                   0                   0                   0             3730798                 503            12000769
                2006                2017                   0                   0                   0                   0             3738600                 503            12000514
                2270                2283                   0                   0                   0                   0             3721590                 503            12000522
                2013                2025                   0                   0                   0                   0             3716705                 503            12000510
                2336                2347                   0                   0                   0                   0             3731852                 503            12000704
                2232                2252                   0                   0                   0                   0             3734855                 503            12001833
                2236                2247                   0                   0                   0                   0             3717944                 503            12001035
                2066                2077                   0                   0                   0                   0             3724069                 503            12000677
                2060                2072                   0                   0                   0                   0             3740121                 503            12000520
                2002                2013                   0                   0                   0                   0             3717048                 503            12000504
                1926                1938                   0                   0                   0                   0             3726093                 503            12000525
--------------------------------
              irqlat          irqlat-end         bus_acc_el1         bus_acc_el2      exceptions_el1      exceptions_el2            irqs_el1            irqs_el2              cycles
                2481                2492                7453                 616                   1                   1                   2                   0            12000310
                2144                2155               76764                 713                   1                   1                   2                   0            12000503
                2218                2229               78690                 653                   1                   1                   2                   0            12000517
                2267                2279               75575                 665                   1                   1                   2                   0            12000546
                2218                2229               78297                 537                   1                   1                   2                   0            12000621
                2065                2078               33265                 393                   1                   1                   2                   0            12000534
                2130                2142               20554                 637                   1                   1                   2                   0            12000566
                2229                2240               77096                 681                   1                   1                   2                   0            12000728
                2138                2150               69818                 625                   1                   1                   2                   0            12000506
                2268                2280               73681                 661                   1                   1                   2                   0            12000508
                2168                2180               72011                 591                   1                   1                   2                   0            12000822
                2064                2076               63632                 497                   1                   1                   2                   0            12000515
                2021                2035                5838                 481                   1                   1                   2                   0            12000545
                2040                2053                5711                 365                   1                   1                   2                   0            12000513
                1893                1904                7306                 380                   1                   1                   2                   0            12000507
                1835                1848                7646                 465                   1                   1                   2                   0            12000597
                2050                2061                6985                 524                   1                   1                   2                   0            12000497
                2016                2030                6039                 429                   1                   1                   2                   0            12000653
                2015                2028                5206                 401                   1                   1                   2                   0            12000634
                1973                1985                6314                 457                   1                   1                   2                   0            12000520
                2139                2151                9284                 493                   1                   1                   2                   0            12000501
                2024                2037               19150                 429                   1                   1                   2                   0            12000731
                2049                2062                6968                 365                   1                   1                   2                   0            12000518
                2307                2318               57670                 629                   1                   1                   2                   0            12000669
                1995                2006               17871                 561                   1                   1                   2                   0            12000508
                2319                2331                9990                 505                   1                   1                   2                   0            12000526
                1881                1893               10906                 433                   1                   1                   2                   0            12000511
                1963                1976                7446                 473                   1                   1                   2                   0            12000597
                2216                2229                5458                 381                   1                   1                   2                   0            12000530
                2082                2096                5602                 533                   1                   1                   2                   0            12000642
                2076                2089                6814                 496                   1                   1                   2                   0            12000520
                2004                2017                7138                 497                   1                   1                   2                   0            12000513
                2040                2052                7902                 477                   1                   1                   2                   0            12000518
                2121                2133               11002                 485                   1                   1                   2                   0            12000494
                2067                2078               46300                 609                   1                   1                   2                   0            12000512
                2227                2240               78000                 577                   1                   1                   2                   0            12000520
                2045                2056               75989                 589                   1                   1                   2                   0            12000500
                2338                2350               69329                 485                   1                   1                   2                   0            12000514
                2122                2134               77434                 727                   1                   1                   2                   0            12000518
                2039                2052               29894                 478                   1                   1                   2                   0            12000522
                1951                1964                6558                 489                   1                   1                   2                   0            12000519
                2097                2108                6760                 553                   1                   1                   2                   0            12000511
                2032                2044                8418                 549                   1                   1                   2                   0            12000526
                2175                2187                6410                 393                   1                   1                   2                   0            12000503
                2048                2060                6766                 429                   1                   1                   2                   0            12000524
                2042                2055                5455                 537                   1                   1                   2                   0            12000515
                1997                2009                6810                 501                   1                   1                   2                   0            12000521
                2139                2152               41434                 765                   1                   1                   2                   0            12000533
                1973                1985               11927                 562                   1                   1                   2                   0            12000737
                2142                2153               13238                 565                   1                   1                   2                   0            12000518
--------------------------------
              irqlat          irqlat-end        inst_ret_el1        inst_ret_el2              cycles
                2112                2124            18763605                1418            12000341
                2196                2209            18698039                1418            12000761
                2081                2093            18635928                1418            12000514
                2189                2201            18619620                1418            12000540
                2351                2362            18591044                1418            12000512
                2435                2446            18674351                1418            12000504
                2135                2147            18586613                1418            12000501
                2075                2088            18290740                1418            12000523
                2051                2063            18653447                1418            12000646
                1984                1996            18682912                1418            12000527
                1855                1866            18687157                1418            12000494
                2073                2086            18658756                1418            12000512
                1865                1878            18607828                1418            12000802
                2042                2054            18623626                1418            12000507
                2062                2074            18597126                1418            12000522
                2101                2112            18778582                1418            12000516
                2065                2077            18588858                1418            12000509
                2046                2058            18595265                1418            12000511
                2098                2109            18680679                1418            12000511
                2333                2345            18632701                1418            12000651
                2177                2189            18621539                1418            12000506
                1934                1945            18647575                1418            12000517
                1966                1979            18773699                1418            12000526
                1911                1924            18821245                1418            12000521
                2021                2032            18587749                1418            12001198
                1959                1972            18588124                1418            12000530
                2072                2085            18590382                1418            12000524
                1967                1981            18610579                1418            12000540
                1940                1952            18616332                1418            12000512
                2034                2047            18780005                1418            12000523
                1939                1950            18595151                1418            12000509
                1992                2004            18748142                1418            12000676
                1992                2005            18628598                1418            12000536
                2043                2055            18717362                1418            12000500
                2100                2112            18657246                1418            12000528
                2045                2058            18597892                1418            12000519
                1859                1871            18609220                1418            12000493
                1825                1837            18588575                1418            12000517
                2078                2090            18614237                1418            12000843
                1989                2000            18341849                1418            12000476
                2099                2110            18656937                1418            12000505
                2122                2134            18682223                1418            12000522
                2047                2058            18605603                1418            12000510
                1842                1853            18642607                1418            12000736
                1992                2004            18600855                1418            12000504
                2076                2087            18627781                1418            12000659
                1934                1945            18643112                1418            12000507
                2039                2053            18607805                1418            12000532
                2197                2208            18724500                1418            12000508
                2228                2240            18618081                1418            12000522
Press 's' to start...
