--------------------------------
              irqlat          irqlat-end       l1$i_miss_el1       l1$i_miss_el2       l1$d_miss_el1       l1$d_miss_el2       l2$d_miss_el1       l2$d_miss_el2              cycles
                2698                2719                   9                 133               13723                  35                 533                 147            12001491
                3303                3342                  13                 134               12235                  35                  25                 148            12003977
                3050                3066                  13                 133               18394                  35                  24                 148            12004245
                2826                2861                  12                 132               12261                  35                  23                 148            12004676
                2685                2723                  13                 133               22182                  35                  22                 147            12003864
                3231                3246                  13                 132               58131                  32                  24                 144            12004457
                3186                3223                  13                 131               12249                  35                  24                 146            12003573
                3061                3092                  13                 131               58569                  33                  23                 147            12003186
                2662                2681                  13                 132               12279                  35                  25                 147            12003126
                2637                2671                  16                 132               18364                  35                  25                 146            12003808
                2889                2946                  12                 131               12290                  35                  23                 147            12003204
                2785                2818                  14                 132               18495                  34                  26                 146            12003336
                2892                2926                  13                 133               22963                  35                  24                 147            12003836
                3079                3114                  13                 132               18195                  35                  26                 148            12003788
                2875                2894                  13                 132               12241                  35                  24                 147            12003230
                2996                3031                  13                 134               12247                  35                  25                 148            12004072
                2560                2593                  13                 133               12254                  35                  26                 147            12003238
                3163                3198                  13                 132               18274                  35                  25                 146            12003980
                3282                3315                  12                 129               12247                  35                  22                 145            12004255
                2929                2962                  13                 133               59252                  37                  25                 149            12003418
                2823                2851                  13                 132               13907                  35                  23                 146            12002952
                2687                2723                  12                 132               22071                  35                  30                 146            12004254
                3260                3279                  13                 131               12308                  35                  26                 147            12004506
                3181                3216                  12                 130               28676                  35                  30                 146            12003906
                2761                2795                  14                 129               18447                  35                  29                 146            12003207
                2700                2714                  13                 132               18354                  35                  28                 146            12003754
                2723                2753                  13                 131               12319                  35                  27                 145            12003199
                3109                3149                  13                 131               18465                  35                  25                 147            12004587
                2942                2975                  13                 131               18488                  35                  24                 146            12003085
                2821                2853                  13                 133               18406                  35                  24                 146            12003652
                2938                2988                  13                 131               18377                  35                  22                 147            12004202
                3050                3085                  13                 131               18333                  35                  25                 145            12004730
                3194                3232                  13                 131               57711                  38                  22                 148            12004436
                3114                3127                  13                 133               57923                  35                  26                 147            12003539
                3258                3275                  13                 132               12262                  35                  25                 147            12005165
                2896                2915                  13                 128               18468                  35                  24                 145            12004351
                2739                2771                  13                 131               12298                  35                  25                 147            12003551
                2666                2698                  13                 132               12274                  33                  24                 146            12003431
                3106                3140                  13                 132               18325                  35                  25                 147            12004125
                2777                2807                  13                 132               18339                  34                  25                 146            12003258
                3170                3202                  12                 128               12291                  35                  25                 145            12004488
                2903                2931                  13                 131               21986                  34                  24                 145            12003364
                2736                2767                  13                 133               12300                  35                  24                 147            12003805
                2816                2852                  13                 132               43839                  37                  23                 148            12003529
                2723                2751                  13                 131               18414                  35                  24                 146            12003446
                2742                2778                  12                 132               18307                  34                  24                 147            12003209
                2628                2656                  13                 130               18300                  35                  23                 147            12003418
                2630                2661                  13                 131               18332                  35                  23                 147            12002985
                2783                2799                  13                 129               18316                  35                  23                 145            12003868
                2918                2979                  13                 132               44056                  35                  22                 146            12003492
--------------------------------
              irqlat          irqlat-end    tlb_il1_miss_el1    tlb_il1_miss_el2    tlb_dl1_miss_el1    tlb_dl1_miss_el2         mem_acc_el1         mem_acc_el2              cycles
                2751                2769                   0                   0                   0                   0             3718968                 503            12002224
                2846                2865                   0                   0                   0                   0             3751525                 503            12003855
                2750                2782                   0                   0                   0                   0             3749000                 503            12003205
                2887                2920                   0                   0                   0                   0             3734592                 503            12003702
                2912                2950                   0                   0                   0                   0             3734810                 503            12003879
                2827                2860                   0                   0                   0                   0             3722739                 503            12003718
                2871                2903                   0                   0                   0                   0             3719495                 503            12003604
                3065                3082                   0                   0                   0                   0             3729807                 503            12003746
                2791                2823                   0                   0                   0                   0             3729655                 503            12004257
                3013                3042                   0                   0                   0                   0             3719666                 503            12003528
                2803                2835                   0                   0                   0                   0             3721149                 503            12004213
                2784                2802                   0                   0                   0                   0             3763935                 503            12003537
                2775                2807                   0                   0                   0                   0             3735668                 503            12003246
                2973                3003                   0                   0                   0                   0             3744590                 503            12003743
                2919                2965                   0                   0                   0                   0             3742079                 503            12004426
                2870                2886                   0                   0                   0                   0             3719680                 503            12004721
                2872                2900                   0                   0                   0                   0             3729494                 503            12003239
                2869                2899                   0                   0                   0                   0             3733054                 503            12003972
                2994                3030                   0                   0                   0                   0             3696072                 503            12003557
                2868                2886                   0                   0                   0                   0             3725292                 503            12004646
                2710                2744                   0                   0                   0                   0             3740732                 503            12003800
                2752                2782                   0                   0                   0                   0             3718749                 503            12003108
                3025                3057                   0                   0                   0                   0             3720757                 503            12003413
                2776                2797                   0                   0                   0                   0             3710707                 503            12003748
                2898                2934                   0                   0                   0                   0             3740552                 503            12004330
                2804                2836                   0                   0                   0                   0             3732485                 503            12003578
                2715                2750                   0                   0                   0                   0             3754531                 503            12003019
                2937                2972                   0                   0                   0                   0             3728636                 503            12005320
                2684                2715                   0                   0                   0                   0             3712950                 503            12003373
                2650                2679                   0                   0                   0                   0             3728622                 503            12003764
                2744                2778                   0                   0                   0                   0             3756819                 503            12004010
                2746                2787                   0                   0                   0                   0             3744538                 503            12004035
                2807                2825                   0                   0                   0                   0             3733675                 503            12004073
                2796                2830                   0                   0                   0                   0             3732861                 503            12003596
                2856                2894                   0                   0                   0                   0             3746026                 503            12004968
                2784                2833                   0                   0                   0                   0             3735037                 503            12004309
                2705                2739                   0                   0                   0                   0             3728670                 503            12004098
                2784                2815                   0                   0                   0                   0             3749263                 503            12002877
                3075                3110                   0                   0                   0                   0             3744476                 503            12003370
                2902                2933                   0                   0                   0                   0             3766899                 503            12003003
                3389                3427                   0                   0                   0                   0             3728814                 503            12003631
                2877                2915                   0                   0                   0                   0             3735718                 503            12003517
                3037                3080                   0                   0                   0                   0             3724665                 503            12004545
                2701                2719                   0                   0                   0                   0             3722737                 503            12004252
                2722                2761                   0                   0                   0                   0             3741820                 503            12004317
                2721                2748                   0                   0                   0                   0             3725102                 503            12003278
                3120                3157                   0                   0                   0                   0             3742759                 503            12004057
                3207                3219                   0                   0                   0                   0             3771030                 503            12004293
                2809                2841                   0                   0                   0                   0             3724224                 503            12003322
                2727                2762                   0                   0                   0                   0             3751153                 503            12003689
--------------------------------
              irqlat          irqlat-end         bus_acc_el1         bus_acc_el2      exceptions_el1      exceptions_el2            irqs_el1            irqs_el2              cycles
                2680                2701              790870                2384                   1                   1                   2                   0            12002308
                3257                3296              737285                2405                   1                   1                   2                   0            12005386
                2698                2728              726884                2231                   1                   1                   2                   0            12003006
                3180                3209              758971                2305                   1                   1                   2                   0            12003777
                3069                3097              782755                2285                   1                   1                   2                   0            12004575
                3021                3053              773668                2317                   1                   1                   2                   0            12003507
                2775                2790              762232                2409                   1                   1                   2                   0            12004091
                2773                2785              717930                2371                   1                   1                   2                   0            12003258
                3057                3090              755933                2294                   1                   1                   2                   0            12003480
                3018                3037              693988                2265                   1                   1                   2                   0            12003876
                3233                3244              727320                2341                   1                   1                   2                   0            12003755
                2865                2900              776863                2795                   1                   1                   2                   0            12003581
                2869                2887              848040                2880                   1                   1                   2                   0            12003794
                2855                2874              804564                2525                   1                   1                   2                   0            12003720
                3298                3314              783156                2189                   1                   1                   2                   0            12003887
                3211                3230              698705                1857                   1                   1                   2                   0            12003240
                2996                3027              676784                2177                   1                   1                   2                   0            12003758
                2791                2818              645990                1969                   1                   1                   2                   0            12003618
                2720                2750              673891                2101                   1                   1                   2                   0            12003843
                2801                2833              667940                2255                   1                   1                   2                   0            12003701
                2805                2834              670321                2219                   1                   1                   2                   0            12003865
                2824                2843              655312                2129                   1                   1                   2                   0            12003469
                2664                2699              650045                2168                   1                   1                   2                   0            12002998
                2540                2572              676744                2101                   1                   1                   2                   0            12002643
                2778                2811              670116                2305                   1                   1                   2                   0            12003718
                2616                2649              671042                1961                   1                   1                   2                   0            12003174
                2709                2739              678833                2805                   1                   1                   2                   0            12004488
                2802                2821              817293                2560                   1                   1                   2                   0            12003731
                2769                2785              824448                2831                   1                   1                   2                   0            12003960
                2815                2835              831845                2926                   1                   1                   2                   0            12003736
                3409                3437              852992                2489                   1                   1                   2                   0            12003820
                3009                3027              733815                2283                   1                   1                   2                   0            12003848
                2799                2833              679151                2261                   1                   1                   2                   0            12003865
                2740                2766              676843                2265                   1                   1                   2                   0            12003702
                2729                2765              666162                2131                   1                   1                   2                   0            12003334
                2814                2846              642160                2024                   1                   1                   2                   0            12004475
                2818                2847              729280                2793                   1                   1                   2                   0            12003841
                2719                2746              806896                2813                   1                   1                   2                   0            12003488
                2819                2848              815234                2797                   1                   1                   2                   0            12004127
                2918                2950              833897                2465                   1                   1                   2                   0            12004228
                2587                2619              706742                2385                   1                   1                   2                   0            12003664
                2940                2969              780095                2069                   1                   1                   2                   0            12003890
                3193                3206              819624                2489                   1                   1                   2                   0            12004486
                2927                2938              827513                2801                   1                   1                   2                   0            12003827
                2667                2685              844544                2713                   1                   1                   2                   0            12003922
                3253                3273              842385                2509                   1                   1                   2                   0            12004842
                3049                3089              779572                2397                   1                   1                   2                   0            12003744
                2719                2752              753368                2411                   1                   1                   2                   0            12003857
                2798                2838              819226                2689                   1                   1                   2                   0            12003242
                2931                2964              857361                2814                   1                   1                   2                   0            12003217
--------------------------------
              irqlat          irqlat-end        inst_ret_el1        inst_ret_el2              cycles
                2722                2741            18605285                1418            12002269
                2686                2721            18646713                1418            12002936
                2916                2952            18740659                1418            12003444
                2593                2621            18743403                1418            12003345
                2696                2723            18645562                1418            12003555
                2843                2888            18732454                1418            12003944
                2873                2903            18642828                1418            12004172
                2634                2668            18599242                1418            12004375
                3000                3017            18658041                1418            12004095
                2705                2723            18683726                1418            12003320
                2665                2694            18790031                1418            12003865
                2839                2857            18667535                1418            12003187
                2798                2811            18797052                1418            12004370
                2634                2646            18646611                1418            12002819
                2713                2732            18628303                1418            12003862
                2600                2620            18666608                1418            12003888
                2853                2886            18768236                1418            12003913
                2698                2725            18661053                1418            12003012
                2661                2675            18712276                1418            12003036
                2824                2855            18701523                1418            12003640
                3091                3118            18637887                1418            12004278
                2891                2926            18673359                1418            12003824
                2624                2640            18596960                1418            12003887
                2896                2914            18620243                1418            12003275
                2905                2916            18603452                1418            12003175
                2721                2758            18614485                1418            12003796
                2656                2686            18753831                1418            12003247
                3010                3023            18787189                1418            12003895
                2728                2761            18639512                1418            12003569
                2776                2806            18612257                1418            12003471
                2778                2811            18783007                1418            12003558
                2830                2847            18660462                1418            12004229
                2701                2737            18625530                1418            12003395
                2826                2858            18811814                1418            12004017
                2716                2739            18745282                1418            12003076
                2733                2772            18627446                1418            12004341
                2736                2768            18783955                1418            12003564
                2814                2834            18640138                1418            12003199
                2710                2739            18710872                1418            12002919
                2567                2599            18787737                1418            12003578
                2859                2890            18632776                1418            12003290
                2729                2764            18786901                1418            12003816
                2701                2731            18716346                1418            12003176
                2650                2679            18732530                1418            12003399
                2703                2734            18628526                1418            12003355
                2834                2866            18626269                1418            12003612
                3005                3041            18598633                1418            12004049
                2819                2850            18610917                1418            12004968
                2985                3015            18620933                1418            12003584
                2901                2912            18608579                1418            12003274
Press 's' to start...
