--------------------------------
              irqlat          irqlat-end       l1$i_miss_el1       l1$i_miss_el2       l1$d_miss_el1       l1$d_miss_el2       l2$d_miss_el1       l2$d_miss_el2              cycles
                 678                 691                  10                 130               18618                  35                 513                  14            11999665
                 692                 704                  13                 131               12257                  35                   0                  14            12000522
                 653                 664                  13                 130               58908                  29                   0                  13            12000532
                 696                 709                  13                 132               18400                  35                   0                  14            12000517
                 722                 733                  13                 130               12359                  35                   0                  14            12000519
                 818                 830                  13                 130               12260                  35                   0                  14            12000540
                 708                 720                  13                 129               29489                  35                   0                  14            12000528
                 691                 703                  13                 131               18412                  35                   0                  14            12000502
                 707                 719                  13                 130               30655                  35                   0                  14            12000528
                 693                 704                  13                 131               18313                  35                   0                  14            12000500
                 717                 730                  13                 132               22056                  37                   0                  14            12000522
                 703                 716                  14                 131               18394                  35                   0                  14            12000525
                 654                 666                  13                 131               22184                  34                   0                  13            12000538
                 761                 774                  13                 131               18327                  35                   0                  14            12000519
                 807                 819                  13                 132               16554                  35                   0                  14            12000537
                 824                 837                  13                 131               12249                  35                   0                  14            12000547
                 725                 736                  13                 132               12220                  35                   0                  14            12000526
                 660                 671                  13                 131               18417                  35                   0                  14            12000502
                 792                 803                  13                 131               12292                  35                   0                  14            12000510
                 784                 795                  13                 130               12302                  35                   0                  14            12000539
                 772                 784                  13                 131               18112                  35                   0                  14            12000517
                 734                 745                  13                 132               18349                  35                   0                  14            12000509
                 681                 693                  13                 131               18409                  35                   0                  14            12000525
                 768                 780                  13                 130              114985                  36                   0                  14            12000518
                 715                 726                  13                 132               18322                  35                   0                  14            12000534
                 722                 734                  13                 131               18505                  35                   0                  14            12000531
                 610                 623                  13                 132               12310                  35                   0                  14            12000543
                 670                 683                  13                 129               12276                  35                   0                  14            12000529
                 774                 785                  13                 130               18308                  35                   0                  14            12000532
                 784                 795                  13                 132               18266                  35                   0                  14            12000524
                 740                 751                  13                 130               18267                  35                   0                  14            12000516
                 717                 729                  13                 132               12351                  35                   0                  14            12000534
                 650                 662                  13                 132               22290                  35                   0                  13            12000520
                 793                 805                  13                 131               18377                  35                   0                  14            12000511
                 655                 667                  13                 132               18267                  35                   0                  14            12000544
                 720                 733                  13                 127               18271                  35                   0                  14            12000534
                 659                 670                  12                 132               65342                  33                   0                  12            12000532
                 818                 829                  13                 133               18353                  35                   0                  14            12000537
                 722                 733                  13                 130               18409                  35                   0                  14            12000516
                 719                 730                  13                 132               13472                  35                   0                  14            12000500
                 716                 728                  13                 133               12321                  35                   0                  14            12000533
                 685                 696                  13                 134               12263                  36                   0                  14            12000515
                 708                 720                  13                 131               18396                  35                   0                  14            12000542
                 823                 835                  13                 131               18348                  35                   0                  14            12001089
                 861                 873                  13                 134               12271                  35                   0                  14            12000537
                 698                 709                  13                 133               19918                  35                   0                  14            12000516
                 708                 721                  13                 132               12339                  35                   0                  14            12000526
                 668                 679                  13                 130               12249                  35                   0                  14            12000506
                 672                 684                  14                 134               12336                  35                   0                  14            12000540
                 837                 848                  13                 134               12245                  35                   0                  14            12001423
--------------------------------
              irqlat          irqlat-end    tlb_il1_miss_el1    tlb_il1_miss_el2    tlb_dl1_miss_el1    tlb_dl1_miss_el2         mem_acc_el1         mem_acc_el2              cycles
                 762                 773                   0                   0                   0                   0             3762446                 504            12000039
                 742                 754                   0                   0                   0                   0             3751738                 503            12000528
                 801                 813                   0                   0                   0                   0             3719509                 503            12000535
                 672                 686                   0                   0                   0                   0             3729060                 503            12000539
                 678                 689                   0                   0                   0                   0             3722368                 503            12000518
                 654                 665                   0                   0                   0                   0             3726570                 503            12000507
                 716                 728                   0                   0                   0                   0             3735556                 503            12000524
                 707                 719                   0                   0                   0                   0             3738600                 503            12000522
                 657                 668                   0                   0                   0                   0             3735209                 503            12000514
                 692                 705                   0                   0                   0                   0             3755456                 503            12000524
                 699                 710                   0                   0                   0                   0             3722030                 503            12000517
                 678                 689                   0                   0                   0                   0             3720351                 503            12000508
                 662                 674                   0                   0                   0                   0             3724005                 503            12000533
                 703                 715                   0                   0                   0                   0             3730923                 503            12000522
                 704                 715                   0                   0                   0                   0             3733136                 503            12000539
                 681                 692                   0                   0                   0                   0             3737840                 503            12000518
                 599                 611                   0                   0                   0                   0             3746901                 503            12000511
                 656                 668                   0                   0                   0                   0             3722898                 503            12000518
                 642                 655                   0                   0                   0                   0             3728219                 503            12000531
                 714                 727                   0                   0                   0                   0             3729460                 503            12000518
                 700                 712                   0                   0                   0                   0             3729039                 503            12000534
                 733                 745                   0                   0                   0                   0             3735051                 503            12000525
                 827                 838                   0                   0                   0                   0             3720335                 503            12000510
                 757                 769                   0                   0                   0                   0             3727628                 503            12000517
                 629                 642                   0                   0                   0                   0             3719728                 503            12000517
                 773                 784                   0                   0                   0                   0             3724889                 503            12000510
                 707                 719                   0                   0                   0                   0             3747462                 503            12000509
                 696                 708                   0                   0                   0                   0             3739229                 503            12000540
                 670                 682                   0                   0                   0                   0             3717458                 503            12000536
                 676                 689                   0                   0                   0                   0             3755245                 503            12000524
                 678                 691                   0                   0                   0                   0             3754390                 503            12000523
                 717                 728                   0                   0                   0                   0             3746957                 503            12000530
                 672                 685                   0                   0                   0                   0             3732123                 503            12000517
                 692                 704                   0                   0                   0                   0             3717401                 503            12000513
                 685                 696                   0                   0                   0                   0             3728715                 503            12000507
                 734                 746                   0                   0                   0                   0             3731712                 503            12000520
                 725                 736                   0                   0                   0                   0             3722274                 503            12000526
                 678                 690                   0                   0                   0                   0             3721622                 503            12000531
                 712                 723                   0                   0                   0                   0             3716291                 503            12000511
                 706                 717                   0                   0                   0                   0             3738910                 503            12000528
                 694                 706                   0                   0                   0                   0             3730115                 503            12000524
                 743                 755                   0                   0                   0                   0             3752137                 503            12000522
                 645                 657                   0                   0                   0                   0             3718443                 503            12000495
                 729                 741                   0                   0                   0                   0             3716525                 503            12000525
                 647                 658                   0                   0                   0                   0             3730312                 503            12000518
                 728                 740                   0                   0                   0                   0             3736672                 503            12000531
                 693                 704                   0                   0                   0                   0             3682266                 503            12000515
                 667                 680                   0                   0                   0                   0             3715545                 503            12000553
                 674                 685                   0                   0                   0                   0             3728909                 503            12000509
                 845                 858                   0                   0                   0                   0             3715946                 503            12000527
--------------------------------
              irqlat          irqlat-end         bus_acc_el1         bus_acc_el2      exceptions_el1      exceptions_el2            irqs_el1            irqs_el2              cycles
                 689                 702               52553                  64                   1                   1                   2                   0            12000320
                 808                 819               59104                 205                   1                   1                   2                   0            12000523
                 778                 790               58465                 189                   1                   1                   2                   0            12000509
                 713                 726               58403                  61                   1                   1                   2                   0            12000523
                 640                 652               24638                  61                   1                   1                   2                   0            12000515
                 747                 759               22983                 297                   1                   1                   2                   0            12000517
                 816                 829               62026                 181                   1                   1                   2                   0            12000525
                 782                 793               62930                 113                   1                   1                   2                   0            12000538
                 752                 765               60148                  73                   1                   1                   2                   0            12000546
                 826                 837               65339                 225                   1                   1                   2                   0            12000542
                 720                 732               59862                  61                   1                   1                   2                   0            12000524
                 898                 911               63158                 181                   1                   1                   2                   0            12000532
                 668                 681               62551                  61                   1                   1                   2                   0            12000522
                 713                 726               49811                  73                   1                   1                   2                   0            12000527
                 706                 718                8182                  61                   1                   1                   2                   0            12000520
                 633                 647                8638                  65                   1                   1                   2                   0            12000550
                 674                 686                8442                  61                   1                   1                   2                   0            12000532
                 715                 726               26490                  61                   1                   1                   2                   0            12000509
                 698                 709                7662                  97                   1                   1                   2                   0            12000505
                 778                 789                7178                  65                   1                   1                   2                   0            12000512
                 729                 742                5394                  61                   1                   1                   2                   0            12000538
                 655                 667                6606                  61                   1                   1                   2                   0            12000519
                 756                 767               20738                  61                   1                   1                   2                   0            12000518
                 685                 697                6770                  61                   1                   1                   2                   0            12000502
                 756                 767                6510                  65                   1                   1                   2                   0            12000514
                 596                 608                8495                  53                   1                   1                   2                   0            12000515
                 692                 703                6338                  61                   1                   1                   2                   0            12000512
                 695                 707                6278                  61                   1                   1                   2                   0            12000534
                 658                 669                6286                  65                   1                   1                   2                   0            12000547
                 712                 725                9054                  61                   1                   1                   2                   0            12000539
                 648                 659               23926                  61                   1                   1                   2                   0            12000512
                 686                 697               15026                 109                   1                   1                   2                   0            12000538
                 721                 735               72254                  89                   1                   1                   2                   0            12000554
                 712                 724               39158                  93                   1                   1                   2                   0            12000519
                 740                 753                8366                  61                   1                   1                   2                   0            12000511
                 654                 665                7571                  61                   1                   1                   2                   0            12000512
                 694                 706               49818                  61                   1                   1                   2                   0            12000524
                 726                 738               71558                 169                   1                   1                   2                   0            12000514
                 693                 705               54522                  61                   1                   1                   2                   0            12000520
                 762                 773                9870                  61                   1                   1                   2                   0            12000537
                 748                 760                6706                 201                   1                   1                   2                   0            12000534
                 681                 692                8378                  69                   1                   1                   2                   0            12000508
                 735                 747                7610                  61                   1                   1                   2                   0            12000553
                 690                 701                9014                  65                   1                   1                   2                   0            12000509
                 726                 737                7762                  81                   1                   1                   2                   0            12000505
                 758                 770                8202                  65                   1                   1                   2                   0            12000508
                 697                 709                8026                  69                   1                   1                   2                   0            12000536
                 677                 689                8290                  65                   1                   1                   2                   0            12000503
                 628                 640                7214                  57                   1                   1                   2                   0            12000515
                 612                 624                6710                  61                   1                   1                   2                   0            12000540
--------------------------------
              irqlat          irqlat-end        inst_ret_el1        inst_ret_el2              cycles
                 658                 670            18663194                1418            12000363
                 835                 848            18596303                1418            12000525
                 804                 818            18589917                1418            12000781
                 656                 668            18474188                1418            12000513
                 675                 686            18600335                1418            12000522
                 699                 711            18656415                1418            12000519
                 651                 663            18735330                1418            12000507
                 659                 671            18699562                1418            12000527
                 711                 724            18624545                1418            12000526
                 692                 703            18616992                1418            12000521
                 673                 685            18553357                1418            12000511
                 624                 636            18608778                1418            12000514
                 673                 684            18611342                1418            12000516
                 862                 874            18577129                1418            12000530
                 740                 752            18591893                1418            12000555
                 707                 719            18595633                1418            12000662
                 665                 676            18687443                1418            12000507
                 733                 744            18600937                1418            12000523
                 715                 727            18653238                1418            12000512
                 659                 671            18660030                1418            12000549
                 643                 655            18657026                1418            12000550
                 691                 705            18601271                1418            12000532
                 766                 779            18611079                1418            12000513
                 732                 743            18643680                1418            12000511
                 665                 677            18741962                1418            12000514
                 706                 717            18601791                1418            12000500
                 681                 692            18654714                1418            12000506
                 680                 693            18585930                1418            12000515
                 634                 645            18654958                1418            12000505
                 690                 703            18683364                1418            12000533
                 708                 720            18730468                1418            12000518
                 706                 717            18610230                1418            12000500
                 728                 741            18660726                1418            12000531
                 688                 699            18865695                1418            12000511
                 694                 707            18650379                1418            12000523
                 678                 689            18624235                1418            12000509
                 657                 670            18644027                1418            12000528
                 724                 735            18606500                1418            12000513
                 764                 776            18654003                1418            12000521
                 765                 777            18773598                1418            12000518
                 607                 619            18610959                1418            12000525
                 692                 703            18602209                1418            12000501
                 682                 693            18586104                1418            12000515
                 691                 704            18706236                1418            12000525
                 659                 671            18784046                1418            12000537
                 689                 700            18673349                1418            12000537
                 734                 745            18596080                1418            12000530
                 721                 732            18678572                1418            12000505
                 611                 624            18668243                1418            12000528
                 935                 946            18610755                1418            12001565
Press 's' to start...
