
priority order passed 50/50 times 
priority order failed 0/50 times 
--------------------------------
              0              1              2              3              4              5              6              7              8              9             10             11             12             13             14             15
            632            931             64             64            295             65             63            267             65             63            244             65             62            205             63             63
            634            935             64             63            294             65             62            263             64             64            242             65             62            205             63             63
            640            937             64             64            291             65             63            267             65             63            242             64             64            204             64             63
            641            933             64             64            291             65             63            266             64             64            244             64             63            204             64             63
            635            938             65             62            297             65             62            267             64             64            243             65             63            202             63             64
            639            934             65             62            298             65             63            268             65             63            241             64             64            202             63             63
            638            941             65             63            296             65             63            267             65             63            245             65             63            203             63             63
            635            934             64             63            296             64             64            264             64             64            242             65             62            203             64             63
            644            933             65             62            294             65             63            263             65             63            243             64             63            205             63             64
            641            937             64             64            295             65             63            269             64             65            244             64             63            203             64             62
            640            934             64             63            297             64             63            267             65             63            241             64             64            202             63             63
            638            936             64             64            293             64             63            262             65             62            241             65             62            205             63             63
            636            933             64             63            294             65             63            267             64             63            244             64             63            203             63             63
            636            937             64             63            296             64             64            268             64             64            242             63             63            206             63             63
            635            936             64             63            295             65             63            268             65             64            243             64             62            203             64             63
            635            937             64             64            292             64             64            270             65             62            244             63             64            204             64             63
            634            933             65             62            294             65             63            266             64             63            244             64             63            203             63             63
            637            934             64             63            296             64             64            267             65             63            243             63             63            205             63             64
            632            935             65             63            297             64             64            269             64             63            243             64             62            203             64             63
            634            937             64             64            292             64             64            270             65             62            243             64             63            203             63             63
            635            937             67             62            296             64             63            270             65             62            245             63             63            203             64             62
            634            938             65             62            296             64             63            271             65             63            244             64             62            204             63             64
            634            940             64             64            298             65             62            265             65             62            241             63             63            203             64             62
            639            940             65             63            293             64             64            267             65             64            242             63             63            204             64             63
            631            940             65             62            298             65             63            267             65             62            244             63             64            205             63             64
            637            937             65             62            295             64             64            269             64             64            246             64             62            203             64             63
            634            941             64             63            298             65             62            270             65             63            244             64             62            205             63             63
            635            933             64             63            295             65             63            267             65             62            242             64             62            205             63             63
            643            933             64             64            292             64             64            269             64             64            245             63             63            203             64             62
            630            936             64             63            299             65             63            266             64             63            243             64             62            203             64             63
            641            938             64             64            294             65             62            269             65             63            244             63             63            204             64             63
            633            935             64             63            295             65             63            270             64             63            246             63             63            205             63             64
            638            936             64             64            297             64             63            266             65             63            240             63             63            203             64             62
            632            940             65             62            295             64             64            268             64             64            243             64             62            204             63             64
            639            936             65             62            294             65             63            262             64             63            242             63             63            204             64             63
            643            932             64             63            293             64             63            268             64             65            243             64             63            202             63             64
            640            941             64             63            295             65             63            267             65             62            244             63             64            204             64             63
            635            931             64             64            294             65             62            270             65             64            243             64             62            203             64             63
            633            941             64             64            297             64             63            264             64             64            241             63             64            203             64             62
            640            937             64             64            295             65             63            267             65             63            243             63             64            204             64             63
            636            932             64             63            292             64             64            270             65             62            243             64             63            205             64             63
            636            934             64             63            297             64             63            267             65             63            242             63             64            202             63             63
            634            934             65             63            293             64             64            266             65             63            244             63             63            205             63             64
            641            938             65             63            294             64             63            271             65             63            243             63             63            202             63             63
            645            937             64             64            293             64             63            269             64             64            245             63             63            205             63             64
            636            933             64             64            294             65             62            271             64             64            245             63             64            204             64             63
            634            936             65             63            293             64             64            267             65             64            246             63             63            204             64             63
            633            933             64             64            292             64             64            267             65             63            243             63             63            203             64             62
            634            932             64             63            298             65             62            269             65             62            244             63             64            202             63             63
            636            934             65             63            292             65             63            272             65             63            243             63             63            204             64             63
