
priority order passed 50/50 times 
priority order failed 0/50 times 
--------------------------------
              0              1              2              3              4              5              6              7              8              9             10             11             12             13             14             15
             34             73             63             63             63             63             63             63             63             63             63             63             63             63             63             63
             37             69             63             63             63             63             63             63             63             64             63             63             63             63             63             63
             35             71             62             63             63             63             63             63             63             63             63             63             63             63             63             63
             39             68             63             63             63             63             63             63             63             63             63             63             63             63             63             63
             36             71             63             63             63             63             63             63             63             63             63             63             63             63             63             63
             37             71             63             63             63             63             63             63             63             63             63             63             63             63             63             63
             36             71             63             63             63             63             63             63             63             63             63             63             63             63             63             63
             38             70             62             63             63             63             63             63             63             64             63             63             63             63             63             63
             36             70             62             63             63             63             63             63             63             63             63             63             63             63             63             63
             36             68             63             63             63             63             63             63             63             63             63             63             63             63             63             63
             37             71             62             63             63             63             63             63             63             64             63             63             63             63             63             63
             36             70             62             63             63             63             63             63             63             64             63             63             63             63             63             63
             39             70             63             63             63             63             63             63             63             63             63             63             63             63             63             63
             34             71             63             63             63             63             63             63             63             63             63             63             63             63             63             63
             37             69             63             63             63             63             63             63             63             63             63             63             63             63             63             63
             34             71             63             63             63             63             63             63             63             64             63             63             63             63             63             63
             41             69             63             63             63             63             63             63             63             63             63             63             63             63             63             63
             36             70             63             63             63             63             63             63             63             64             63             63             63             63             63             63
             37             70             62             63             63             63             63             63             63             64             63             63             63             63             63             63
             38             70             63             63             63             63             63             63             63             63             63             63             63             63             63             63
             36             70             63             63             63             63             63             63             63             64             63             63             63             63             63             63
             35             70             63             63             63             63             63             63             63             63             63             63             63             63             63             63
             35             70             62             63             63             63             63             63             63             64             63             63             63             63             63             63
             34             70             63             63             63             63             63             63             63             64             63             63             63             63             63             63
             37             69             63             63             63             63             63             63             63             63             63             63             63             63             63             63
             39             69             63             63             63             63             63             63             63             64             63             63             63             63             63             63
             35             71             63             63             63             63             63             63             63             63             63             63             63             63             63             63
             36             69             63             63             63             63             63             63             63             64             63             63             63             63             63             63
             34             70             63             63             63             63             63             63             63             64             63             63             63             63             63             63
             39             69             63             63             63             63             63             63             63             64             63             63             63             63             63             63
             34             70             62             63             63             63             63             63             63             64             63             63             63             63             63             63
             36             70             63             63             63             63             63             63             63             64             63             63             63             63             63             63
             38             70             63             63             63             63             63             63             63             64             63             63             63             63             63             63
             36             71             63             63             63             63             63             63             63             64             63             63             63             63             63             63
             36             69             63             63             63             63             63             63             63             63             63             63             63             63             63             63
             35             70             63             63             63             63             63             63             63             63             63             63             63             63             63             63
             35             69             63             63             63             63             63             63             63             63             63             63             63             63             63             63
             35             71             63             63             63             63             63             63             63             64             63             63             63             63             63             63
             34             71             63             63             63             63             63             63             63             63             63             63             63             63             63             63
             36             69             63             63             63             63             63             63             63             63             63             63             63             63             63             63
             38             70             63             63             63             63             63             63             63             63             63             63             63             63             63             63
             35             70             62             63             63             63             63             63             63             63             63             63             63             63             63             63
             35             70             63             63             63             63             63             63             63             63             63             63             63             63             63             63
             35             69             63             63             63             63             63             63             63             64             63             63             63             63             63             63
             38             69             63             63             63             63             63             63             63             64             63             63             63             63             63             63
             34             71             63             63             63             63             63             63             63             63             63             63             63             63             63             63
             37             70             63             63             63             63             63             63             63             64             63             63             63             63             63             63
             35             71             62             63             63             63             63             63             63             63             63             63             63             63             63             63
             37             70             63             63             63             63             63             63             63             64             63             63             63             63             63             63
             35             70             63             63             63             63             63             63             63             64             63             63             63             63             63             63
