
priority order passed 0/50 times 
priority order failed 50/50 times 
--------------------------------
              0              1              2              3              4              5              6              7              8              9             10             11             12             13             14             15
            682            745             64             62            322             63             63            318             62             62            321             63             62            211             62             63
            675            744             64             62            322             62             62            318             62             62            320             62             62            211             63             62
            669            765             65             62            322             62             62            319             63             62            320             62             62            210             63             63
            669            745             63             62            326             62             63            318             63             63            321             63             62            208             62             62
            678            751             63             62            326             63             63            317             63             62            319             63             62            209             63             62
            675            761             63             63            326             62             62            319             63             62            319             62             63            208             63             63
            673            748             64             63            324             63             63            318             62             62            319             63             62            208             63             63
            668            747             66             62            323             65             62            316             63             63            320             63             63            208             63             63
            674            761             64             63            321             63             62            315             63             62            321             62             63            208             63             63
            671            747             64             62            321             63             62            316             63             63            320             62             62            208             63             63
            673            746             63             62            325             63             63            317             62             62            323             63             62            211             63             62
            672            747             63             63            324             63             63            319             63             62            320             63             63            209             63             62
            679            746             64             62            323             62             63            319             63             62            320             62             62            209             62             63
            673            744             63             63            324             62             63            316             63             63            321             63             62            208             62             62
            673            748             64             62            322             63             63            317             63             62            320             63             63            208             63             63
            675            751             64             62            323             62             63            317             63             62            321             62             63            212             62             62
            669            757             64             62            322             63             63            318             63             63            320             63             63            209             62             63
            672            754             65             63            321             63             62            320             62             62            321             63             62            208             63             63
            675            747             64             62            323             63             62            318             63             63            320             62             62            208             63             63
            675            743             63             62            320             63             63            319             63             62            320             63             63            208             63             63
            669            749             63             63            321             62             63            318             63             63            321             62             63            207             63             62
            671            750             64             63            321             63             62            320             62             62            319             63             62            208             63             63
            674            745             65             63            322             62             63            320             62             62            319             63             62            208             63             63
            677            746             63             63            321             62             63            320             62             62            319             63             62            208             63             63
            673            744             65             63            322             63             62            320             62             62            319             63             62            208             63             63
            672            745             64             62            321             62             63            320             62             62            319             63             62            208             63             63
            674            745             64             63            321             63             62            320             62             62            319             63             62            208             63             63
            678            745             62             62            321             63             62            319             63             62            319             63             62            208             63             63
            670            745             62             62            321             63             62            319             63             62            319             63             62            208             63             63
            673            745             63             63            321             62             63            320             62             62            319             63             62            208             63             63
            672            748             65             63            321             62             63            320             62             62            319             63             62            208             63             63
            675            743             64             62            321             63             62            320             62             62            319             63             62            208             63             63
            672            745             63             62            322             62             62            320             62             62            319             63             62            208             63             63
            674            747             65             63            322             63             62            320             62             62            319             63             62            208             63             63
            673            747             63             62            321             63             62            320             62             62            319             63             62            208             63             63
            675            744             64             63            321             63             62            320             62             62            319             63             62            208             63             63
            674            746             64             62            321             63             62            320             62             62            319             64             62            209             63             63
            669            748             63             63            321             63             62            320             62             62            319             63             62            208             63             63
            675            746             63             62            321             62             63            320             62             62            319             63             62            208             63             63
            672            747             63             62            321             63             62            320             62             62            319             63             62            208             63             63
            673            747             63             62            321             62             63            320             62             62            319             63             62            208             63             63
            677            745             64             63            322             63             62            320             62             62            319             63             62            208             63             63
            673            743             64             63            321             63             62            320             62             62            319             63             62            208             63             63
            675            747             63             63            321             62             63            320             62             62            319             63             62            208             63             63
            674            745             64             62            321             63             62            320             62             62            319             63             62            208             63             63
            669            745             64             62            321             63             62            319             63             62            319             63             62            208             63             63
            674            747             63             62            321             63             62            320             62             62            319             63             62            209             63             62
            671            747             65             63            321             63             62            320             62             62            319             63             62            208             63             63
            676            747             64             62            321             63             62            319             63             62            319             63             62            209             63             62
            672            747             65             63            322             63             62            320             62             62            319             63             62            208             63             63
