
priority order passed 0/50 times 
priority order failed 50/50 times 
--------------------------------
              0              1              2              3              4              5              6              7              8              9             10             11             12             13             14             15
           3450           3261            933            940            930            935            933            915            923            938            933            908            927            821            803            791
           3482           3266            929            939            918            916            921            919            921            914            931            910            919            801            799            772
           3461           3275            936            935            921            924            929            923            935            927            930            905            923            826            801            779
           3469           3266            953            944            937            923            915            930            928            924            923            914            917            815            793            768
           3466           3291            955            924            925            923            924            914            926            927            926            911            917            813            801            798
           3480           3262            943            940            924            908            914            924            927            933            924            903            922            825            808            778
           3445           3266            944            933            934            934            916            915            931            934            927            909            928            823            803            777
           3458           3277            945            945            923            916            921            918            915            920            925            913            916            822            806            779
           3461           3252            952            941            936            931            924            931            919            931            926            904            935            821            801            771
           3475           3283            945            941            922            926            916            948            926            933            925            910            926            816            790            786
           3454           3268            955            941            927            931            931            930            921            917            924            904            929            817            793            781
           3452           3277            956            947            924            927            924            919            918            918            919            890            921            805            796            770
           3477           3247            946            936            919            916            924            924            911            917            911            904            923            806            797            774
           3455           3258            933            941            930            934            922            917            929            921            926            909            930            817            801            795
           3479           3269            940            940            922            922            935            916            927            923            919            910            917            816            799            776
           3480           3271            938            941            923            919            924            925            925            920            912            909            919            816            799            777
           3457           3274            942            940            922            927            918            933            931            923            928            917            921            810            803            779
           3464           3260            948            939            930            928            935            916            918            932            922            898            918            817            801            782
           3448           3276            948            941            919            925            919            931            925            928            926            896            917            816            815            783
           3490           3244            934            942            926            935            910            923            912            919            919            908            921            812            793            778
           3464           3257            946            932            935            919            930            928            921            936            921            904            917            804            808            779
           3458           3282            951            939            924            920            922            928            928            917            913            893            910            813            796            777
           3473           3267            955            947            922            924            921            921            920            917            915            906            909            808            806            778
           3479           3267            944            942            923            924            912            915            917            938            931            897            903            797            790            777
           3485           3279            943            943            920            933            916            916            923            927            916            906            917            816            789            786
           3466           3287            939            932            930            921            919            922            931            934            915            906            919            808            787            782
           3486           3258            953            933            928            924            913            919            921            922            931            908            924            818            790            781
           3470           3263            950            942            926            924            918            928            930            919            926            907            920            809            803            781
           3467           3264            943            934            914            911            908            928            931            913            929            904            924            804            791            784
           3483           3264            941            941            922            923            919            920            912            918            913            906            919            805            799            772
           3465           3274            946            943            930            927            917            927            921            927            935            906            924            812            790            782
           3487           3277            961            941            926            920            916            920            926            920            910            918            915            817            788            783
           3438           3265            953            933            919            924            921            915            928            917            924            914            927            807            789            770
           3473           3281            950            926            929            921            926            928            921            923            935            901            925            805            803            772
           3477           3257            941            954            918            919            922            926            919            918            917            908            909            814            796            778
           3478           3263            952            944            929            929            932            919            926            925            918            899            917            816            802            784
           3488           3280            940            944            927            922            925            926            935            920            928            903            919            820            794            783
           3479           3270            939            942            917            927            928            922            937            913            923            908            931            825            800            788
           3477           3266            952            945            919            919            918            929            929            926            928            912            927            817            798            781
           3481           3262            953            936            923            925            922            914            920            929            923            907            924            813            801            775
           3485           3273            942            938            918            915            928            929            925            926            931            902            925            824            804            779
           3464           3277            949            933            942            907            920            928            929            933            930            907            919            826            795            789
           3460           3256            953            938            925            921            924            945            924            932            919            898            929            810            793            774
           3460           3241            946            936            920            920            915            922            928            928            915            906            922            813            807            785
           3468           3285            950            925            920            910            924            916            918            918            917            912            909            810            802            762
           3452           3271            929            953            923            926            924            915            918            929            933            898            925            814            797            782
           3451           3264            942            936            924            917            927            923            930            917            942            907            917            815            802            783
           3478           3260            948            949            921            923            917            924            925            925            926            913            914            815            797            774
           3469           3257            944            947            917            936            929            928            929            921            928            906            916            812            806            788
           3470           3267            940            930            933            929            921            935            919            922            931            911            920            809            804            773
