
priority order passed 50/50 times 
priority order failed 0/50 times 
--------------------------------
              0              1              2              3              4              5              6              7              8              9             10             11             12             13             14             15
           1108            969             65             63            343             65             63            338             65             64            334             64             63            292             64             63
           1118            977             66             63            344             65             63            338             64             64            333             65             63            292             64             63
           1117            963             65             63            344             65             63            342             64             64            334             65             63            292             64             63
           1113            967             66             63            343             65             63            338             64             64            334             65             63            291             64             63
           1118            965             65             63            343             64             63            339             65             63            338             65             63            291             64             63
           1114            960             64             63            343             64             63            337             65             63            334             64             63            291             64             63
           1116            968             64             63            343             65             63            338             65             63            335             65             63            294             64             63
           1120            972             67             63            345             65             64            336             65             64            337             64             63            291             64             63
           1113            961             64             63            343             64             64            338             65             63            335             64             63            292             63             63
           1119            970             65             63            346             65             63            337             64             63            337             65             63            291             64             63
           1107            969             64             63            343             65             64            338             65             64            335             65             63            291             64             63
           1117            964             65             63            343             65             63            340             65             64            334             64             63            291             64             63
           1115            967             64             63            343             65             63            339             64             63            334             64             63            294             64             63
           1118            970             65             63            342             65             63            336             65             64            334             63             63            292             64             63
           1119            963             64             63            343             64             63            340             64             63            335             64             63            291             64             63
           1109            965             65             63            343             65             63            340             65             64            335             63             63            291             64             63
           1115            964             65             63            343             64             63            337             65             64            334             64             63            293             64             63
           1120            966             64             63            343             64             63            337             65             63            337             64             63            292             64             63
           1111            962             64             63            342             65             63            340             64             63            334             64             63            291             64             63
           1112            963             65             63            344             64             63            341             64             64            336             64             63            292             64             63
           1113            968             64             63            343             65             63            338             65             63            336             63             63            291             64             63
           1108            966             64             63            344             65             63            337             65             63            334             64             63            291             64             63
           1117            962             65             63            344             64             63            338             65             63            334             64             63            292             63             63
           1114            970             65             63            343             65             63            340             65             63            337             64             63            294             64             63
           1112            958             65             63            343             65             63            338             64             64            335             63             63            292             64             63
           1120            962             65             63            343             65             63            339             64             64            337             64             63            292             64             63
           1115            962             66             63            343             64             63            339             65             63            337             64             63            295             64             63
           1111            958             65             63            343             65             63            336             65             63            337             63             63            297             64             63
           1106            970             66             63            344             65             63            337             65             64            334             64             63            292             63             63
           1128            958             64             63            343             64             63            341             64             64            333             64             63            292             64             63
           1118            964             65             63            343             65             63            339             65             63            333             64             63            294             63             63
           1127            970             64             63            343             65             63            339             65             63            334             63             63            293             63             63
           1115            970             65             63            343             65             63            337             65             63            333             64             63            292             64             63
           1116            966             66             63            346             65             63            338             64             63            335             64             63            293             64             63
           1120            966             65             63            344             64             63            338             65             63            334             64             63            295             64             63
           1117            967             64             63            342             65             63            338             64             64            335             63             63            292             64             63
           1120            965             66             63            344             65             63            337             65             64            334             64             63            292             64             63
           1115            965             67             63            344             65             63            337             65             63            336             63             63            296             63             63
           1122            967             67             63            345             64             63            338             64             63            334             63             63            292             64             63
           1116            966             65             63            344             65             63            337             65             63            333             64             63            292             64             63
           1113            960             65             63            344             64             63            337             65             63            336             64             63            296             63             63
           1120            965             65             63            343             65             63            338             64             64            334             63             63            292             64             63
           1114            965             65             63            343             65             63            337             65             64            336             64             63            292             64             63
           1107            962             65             63            343             65             63            337             65             64            334             63             63            296             63             63
           1115            968             65             63            342             65             63            338             64             64            337             64             63            292             64             63
           1117            966             65             63            344             64             63            338             65             63            333             64             63            292             64             63
           1109            968             67             63            343             67             63            337             65             64            334             64             63            295             64             63
           1123            968             66             63            343             65             63            338             64             63            337             64             63            292             64             63
           1117            963             67             63            343             65             63            339             65             63            334             64             63            292             64             63
           1118            965             65             63            343             65             63            337             65             64            333             64             63            296             63             63
